bins	0-1	1-2	2-3	3-4	4-5	5-6	6-8	8-11	11-15	15-23	23-172
0-1	0.0	0.0786000887685	0.102561523543	0.111769754147	0.112483660501	0.109073730174	0.105777219981	0.101335428699	0.0986001232963	0.096015269088	0.0942209688665
1-2	0.222167203569	0.361516157883	0.390323001804	0.389165111875	0.372980079486	0.352242568848	0.331142445877	0.310542800178	0.298189021134	0.288991884176	0.280885093827
2-3	0.385022207244	0.523827441079	0.550404713699	0.540993725745	0.512967856692	0.482274047995	0.451761651072	0.4219888598	0.404201519052	0.391626395216	0.378849208117
3-4	0.489896127712	0.617363395687	0.640350908333	0.627282158296	0.594833228647	0.560461632023	0.525693100222	0.491881313178	0.470864808522	0.456257128541	0.440580544968
4-5	0.564346406644	0.678927060356	0.698943180729	0.684882781673	0.651803145106	0.61718467844	0.581600187574	0.546284702971	0.524197329038	0.508580620917	0.490183178949
5-6	0.623293977215	0.725402971293	0.742936887067	0.729248596042	0.697492440918	0.66446747582	0.629695504077	0.594974058829	0.572455468225	0.556313827227	0.536650812085
6-7	0.671088032564	0.762088469679	0.777484578438	0.764595624814	0.73521711493	0.704042425782	0.671252303884	0.637923678249	0.615849585378	0.59962486567	0.579295526149
7-8	0.710916725817	0.791841545911	0.805580832494	0.793727470459	0.766667232537	0.738102117328	0.707421675521	0.676245378139	0.654903432205	0.638904363821	0.617953629753
8-9	0.744304471134	0.81654395939	0.828916212964	0.818144830227	0.793515883031	0.76725120173	0.739234818265	0.71001185987	0.68925038251	0.6741729244	0.65282921912
9-10	0.773013538982	0.837549095921	0.848371501182	0.838978702843	0.816677889757	0.792729272345	0.766961103527	0.740168975608	0.720696091782	0.705894520665	0.684636113013
10-11	0.797851636658	0.855517589778	0.865313821246	0.856894811145	0.836796458408	0.8147751606	0.791443549996	0.766706444352	0.748467811594	0.734233150271	0.713691333992
11-12	0.819429408453	0.871141746421	0.880020857912	0.872337191605	0.854213940399	0.834583023629	0.813057760059	0.790211017562	0.773419858261	0.759930511145	0.739880919697
12-13	0.83818177368	0.884872991835	0.892762012725	0.885966920942	0.869608436746	0.851848788251	0.832191476785	0.811530877887	0.795837290091	0.782932212106	0.763566441608
13-14	0.85479594251	0.896773553218	0.903792093005	0.897878912781	0.883270427439	0.866877692679	0.849140629327	0.830313533837	0.815921880286	0.803494550993	0.785008977126
14-15	0.869216059505	0.907408828233	0.913738650523	0.908410342797	0.895122576897	0.880669333812	0.864407538454	0.847270577609	0.833775803358	0.822181218231	0.804350461185
15-16	0.88240108096	0.916878068147	0.922563030298	0.91775833929	0.905706234191	0.89274954389	0.877815405465	0.862210341953	0.849990641158	0.839010344214	0.821918276558
16-17	0.894044743344	0.925325131536	0.930450224021	0.926017815885	0.915378840608	0.903428221253	0.889827093907	0.875726187548	0.864368913533	0.854125323875	0.837892690972
17-18	0.904531131248	0.932848823594	0.937467680689	0.933429043437	0.923875380312	0.912944197328	0.900826552888	0.887791677529	0.877539122536	0.867885468654	0.852272668408
18-19	0.913870913688	0.939406321302	0.943736492944	0.940108174984	0.931441063685	0.92143960594	0.910543652206	0.898739475742	0.889260857545	0.880140790749	0.865303745943
19-20	0.922123084049	0.945397975274	0.949229444524	0.945986182435	0.938109842933	0.929117162543	0.91929025566	0.908315494571	0.899761650041	0.891308289216	0.877030472498
20-21	0.929651016475	0.950708921685	0.954128371612	0.951319929936	0.944246704278	0.93606540952	0.927058775324	0.91708665783	0.909300800052	0.901377250641	0.887810275468
21-22	0.936387558923	0.955512459937	0.958622999161	0.956180436775	0.949639446428	0.942376384349	0.934025251103	0.924978795434	0.917721182065	0.910466346693	0.897826530644
22-23	0.942515339849	0.959819964894	0.962641539352	0.96049469247	0.954521019245	0.947928923767	0.940308813453	0.93204110932	0.925555133883	0.918821161796	0.90682023267
23-24	0.947997331491	0.963664669003	0.966204897428	0.964467790099	0.958841437536	0.95305389668	0.946026316448	0.938455720092	0.932646388603	0.926173860587	0.915081467545
24-25	0.95287872027	0.96711794396	0.969408133087	0.967927823166	0.96279592649	0.957633634921	0.9512285992	0.944299000907	0.938899640586	0.932846669611	0.92248694872
25-26	0.957321424201	0.970242016964	0.972278462589	0.971072583702	0.966377884287	0.961658818239	0.95578666695	0.949519546755	0.944553583234	0.938868432677	0.929240772416
26-27	0.961332346763	0.973023059749	0.974860851932	0.973880168561	0.969658044692	0.965318181712	0.959957750422	0.954268635234	0.949724128812	0.944492151188	0.935404063898
27-28	0.964903956887	0.97551125554	0.977257855146	0.976282877117	0.972479850308	0.968559298931	0.963698598434	0.958594733924	0.954334002476	0.94947141661	0.940880473172
28-29	0.968188758748	0.977813884918	0.979444228161	0.978534254858	0.975101715152	0.971651292136	0.967016798912	0.96244276603	0.958603866833	0.953917483633	0.945941437853
29-30	0.971117717533	0.979885671463	0.981421154293	0.980523458599	0.977490630134	0.974234166641	0.97014985397	0.965941244075	0.962292452652	0.957989405257	0.950608714391
30-31	0.973833295992	0.981765646572	0.983149978562	0.982336773454	0.979554169803	0.976667917134	0.972933105594	0.969109261347	0.965679666585	0.96172344227	0.954905095257
31-32	0.976172320932	0.983466523329	0.984727338419	0.984028625418	0.981429086101	0.978784779098	0.975346066381	0.971893209765	0.968860814271	0.965120418779	0.958766347123
32-33	0.978321186344	0.98499432372	0.986151261671	0.985553880739	0.983141786301	0.980885330624	0.977549600382	0.974448773073	0.971786954976	0.968158083848	0.962212154396
33-34	0.980263574911	0.986337226808	0.987427664896	0.986916521807	0.984643228327	0.982646858027	0.979532325707	0.976800919415	0.974331873125	0.970934506425	0.965504630498
34-35	0.9820245902	0.987563258742	0.988591653128	0.988088008161	0.985984340488	0.984228970602	0.981434619006	0.978986366657	0.976590874356	0.973488419623	0.968284275992
35-36	0.983637494438	0.988705875006	0.989638493103	0.989184492839	0.987212278627	0.985668949351	0.983123691557	0.980855305915	0.978548503701	0.975838777946	0.9709292387
36-37	0.98506777022	0.989736303883	0.990565029313	0.990097787583	0.988345905081	0.986967959308	0.984641276957	0.982597201364	0.980483809203	0.977978164413	0.973368033144
37-38	0.986390100659	0.990661013433	0.991415044439	0.99098386933	0.989372959331	0.988103864875	0.986089812222	0.984133476778	0.982214765677	0.979968387186	0.975617235667
38-39	0.987606368524	0.991509444483	0.992165266607	0.991827472251	0.990359459556	0.989209479627	0.987363825165	0.985598519536	0.983821223793	0.981727035384	0.977685134439
39-40	0.98869711855	0.992272006459	0.99284764534	0.992554922134	0.991238444461	0.990170630492	0.988509602142	0.986867488902	0.985220757053	0.983315917167	0.97954893699
40-41	0.98970565439	0.992962973702	0.993479535935	0.993243211851	0.992021231447	0.99109217029	0.989521072811	0.98808211583	0.986540439642	0.9847597558	0.981283236862
41-42	0.990619424262	0.99359728966	0.994064882779	0.993808047481	0.992686128826	0.991920507581	0.990468046101	0.989127840586	0.987710724203	0.986062671827	0.982842449113
42-43	0.991440938522	0.994151758532	0.994631691009	0.994343015187	0.993287837376	0.992607876078	0.991317893925	0.990106004472	0.988757369015	0.987281528755	0.984237969978
43-44	0.992202831808	0.994684146785	0.99510738393	0.994824884361	0.993883887226	0.993289419418	0.992091103687	0.990982827055	0.989747345609	0.9883710006	0.985575473643
44-45	0.992902593763	0.995156538205	0.995543632992	0.995292815171	0.994499742529	0.993922031442	0.992783881422	0.991762714478	0.990649744049	0.989356634735	0.986784510651
45-46	0.993537086442	0.995588560009	0.995953454671	0.995685744305	0.994994878876	0.994482411522	0.993439478315	0.992515430682	0.991498908708	0.990246672249	0.987886837451
46-47	0.994057357887	0.995979543087	0.996301349493	0.996063407612	0.995410793406	0.994995025316	0.994006296462	0.993161665082	0.992253626337	0.991093856104	0.988895922323
47-48	0.994538718802	0.996337293719	0.996632677895	0.996417176579	0.995804073133	0.995436572198	0.994519240327	0.99376236933	0.992884704218	0.991861925514	0.989784828709
48-49	0.994986817489	0.99667117944	0.996931267895	0.996759662107	0.996143595199	0.995795401854	0.995005626448	0.994334433645	0.993471993021	0.99254263939	0.990601213596
49-50	0.995430523052	0.996963803398	0.997197513933	0.997037101935	0.99647274298	0.996137921071	0.995432067945	0.994823515589	0.994068726528	0.993148359364	0.991376157624
50-51	0.995811469695	0.997237915322	0.997450349058	0.997291974887	0.996785857774	0.996471120038	0.995831951698	0.995257520736	0.994582174926	0.993726059639	0.992109660796
51-52	0.996165430002	0.997494853432	0.997653484924	0.9975229535	0.997044271791	0.996776358252	0.996221971146	0.995687854098	0.995030369013	0.994251841059	0.992760282254
52-53	0.996492403974	0.99771499051	0.997841237685	0.997730701505	0.997322491262	0.99706761609	0.99651258875	0.996069719879	0.995428763757	0.994737241147	0.993379823068
53-54	0.996778584648	0.99791170875	0.998025440499	0.997923847413	0.997565815409	0.997323922987	0.996817623416	0.996422945727	0.995811703532	0.995187204557	0.993922698297
54-55	0.997037151398	0.998099059455	0.998198204594	0.998107037348	0.997773301116	0.99755925932	0.997084718446	0.996726235281	0.996183481386	0.995576183915	0.994478005783
55-56	0.997297600915	0.998262545249	0.9983516412	0.998259031894	0.997970412538	0.997770129994	0.997343466757	0.997006025401	0.996491722147	0.995924781941	0.994931783169
56-57	0.997524788204	0.998418893873	0.998489300262	0.998419654952	0.998147718506	0.997943719665	0.997565034225	0.997260847375	0.996809407611	0.99627090764	0.995357587976
57-58	0.997720596034	0.998551377585	0.998615915044	0.998551073818	0.998312763955	0.99811148418	0.997781290145	0.997516403706	0.997084162607	0.996593134185	0.995710871284
58-59	0.997915148685	0.998668025703	0.998729513354	0.99866058954	0.9984608333	0.99828390882	0.997980852625	0.997722758099	0.997326290447	0.996887341029	0.99606311857
59-60	0.998077694287	0.998778428797	0.99884113947	0.998772096456	0.998599471477	0.998442353084	0.998171309593	0.997925440706	0.997542660006	0.99712880491	0.996387393277
60-61	0.998237729533	0.998879910429	0.998939749113	0.998882275909	0.998704157448	0.998563516344	0.998312445035	0.99811563924	0.997741857378	0.997370268791	0.99668680347
61-62	0.998383330227	0.998971578452	0.999030075547	0.998987145509	0.998825819521	0.998704485138	0.99845433927	0.998280869626	0.997923023953	0.997588657626	0.996960313127
62-63	0.998523282618	0.999057447525	0.999115668717	0.999071439428	0.998929562375	0.998823318335	0.998591680749	0.998423334937	0.998114493841	0.997775730325	0.997196526013
63-64	0.998641896976	0.99913930194	0.999181934398	0.999153742152	0.999019158476	0.998916520844	0.998716881544	0.998550378745	0.998268184917	0.99795950659	0.997443099113
64-65	0.998754235443	0.999211342747	0.999253722218	0.999218124122	0.999099323408	0.999021373665	0.99884208234	0.998684031768	0.99842616904	0.998125976569	0.997652375442
65-66	0.998864691141	0.999280484079	0.99931131025	0.999289807139	0.99917948834	0.999098265734	0.998939966598	0.998808872505	0.998553243225	0.998287501895	0.997860615749
66-67	0.998948160505	0.9993373584	0.999368898282	0.999354852841	0.999235132234	0.999168167615	0.999028745344	0.998919760453	0.998677741583	0.998420183414	0.998019127028
67-68	0.999018450495	0.999395347904	0.999424514121	0.999398659129	0.999289833012	0.99923224434	0.999106142199	0.999010820754	0.998798805503	0.998542151517	0.998155881856
68-69	0.999095643966	0.999445531128	0.999471057872	0.999462377367	0.999354908074	0.999314961566	0.999169121993	0.999101146699	0.998891535314	0.9986715366	0.998291600663
69-70	0.999165306367	0.999493707024	0.999516418308	0.999514812167	0.999431300539	0.999366222945	0.999236654544	0.999181191642	0.998975679031	0.998776198419	0.998399346892
70-71	0.999223672162	0.999536307005	0.99955467885	0.999555963529	0.999482228849	0.99941398923	0.99930039313	0.999249486868	0.999064115795	0.998867674497	0.998523669464
71-72	0.999287686261	0.999572438927	0.999589783883	0.999591805038	0.999526555341	0.999455930359	0.999361855339	0.999309704164	0.999141390638	0.998953381813	0.998645919992
72-73	0.999348562413	0.999607232629	0.999626466671	0.999615035646	0.999560507548	0.999507191739	0.999406624109	0.999371390175	0.999218665481	0.999034144476	0.998743306007
73-74	0.999398769549	0.999641803295	0.999652499616	0.999647558496	0.999591630404	0.999542142679	0.999452151671	0.999416920326	0.999281343964	0.999096776746	0.998834475892
74-75	0.999443328382	0.999669905901	0.999675771492	0.999672116567	0.999623696377	0.99958641387	0.999499196818	0.999465387906	0.999345739666	0.999144575057	0.998922537714
75-76	0.999487259625	0.999695332068	0.999702593315	0.999696674638	0.999652932999	0.99962019978	0.999542448002	0.999514589843	0.999404125103	0.999209679652	0.998995059214
76-77	0.999529308102	0.999716743577	0.999726654068	0.999719241514	0.999678397154	0.999659810846	0.999576593673	0.99955571385	0.999436752259	0.999258302072	0.99906447265
77-78	0.999560687562	0.999739047232	0.99975110926	0.99974180839	0.999700088842	0.999687771598	0.99961225693	0.999598306572	0.999489986039	0.999323406668	0.99913699415
78-79	0.999601480859	0.99975666712	0.999773986697	0.999764375266	0.999719894295	0.999712237256	0.999646402602	0.999632087007	0.999535492335	0.999373677305	0.999206407585
79-80	0.999627212017	0.99977740952	0.999793708626	0.99978229602	0.999740642866	0.999739032977	0.999666131212	0.999662930012	0.999573271147	0.999416530963	0.999258208657
80-81	0.999656708709	0.999793022078	0.999815008309	0.99980619036	0.999750074035	0.999754178385	0.999685859822	0.999690835588	0.999599029428	0.99946762571	0.999319333921
81-82	0.999678046742	0.99980908071	0.999830391413	0.999818801261	0.999767993255	0.999773983918	0.999707106018	0.99971727245	0.999631656584	0.999508007041	0.999359738757
82-83	0.999706915845	0.999820901648	0.999847352272	0.999835394552	0.999789684942	0.999794954482	0.999727593421	0.999739303168	0.999662566521	0.999538499067	0.9994053237
83-84	0.99973390218	0.999837629389	0.999859185429	0.999848669185	0.999805717929	0.999808934858	0.999745804445	0.999753990314	0.999688324802	0.999575583964	0.999450908643
84-85	0.999756495391	0.999848335144	0.999868651955	0.999855970233	0.999825523383	0.999819420141	0.999767050641	0.999768677459	0.999720951957	0.999611020642	0.9994923495
85-86	0.999777833424	0.999862386447	0.999879696235	0.999865262476	0.999842499486	0.999833400517	0.999788296837	0.999785567677	0.999737265535	0.999641512668	0.999537934443
86-87	0.999793523154	0.999871530945	0.999894290462	0.999872563524	0.999852873771	0.999843885799	0.999802713898	0.999809801467	0.999751861894	0.999673652912	0.999583519386
87-88	0.99980481976	0.999883128846	0.999905729181	0.999881855767	0.999867963641	0.999856701144	0.999818648545	0.999828160398	0.999769034082	0.999698376176	0.999612527986
88-89	0.999818626722	0.999891604235	0.999912040198	0.999889820547	0.999883053511	0.999862526301	0.999837618362	0.999845050616	0.999789640706	0.999718154787	0.999636356478
89-90	0.999833688863	0.999900302661	0.999918745654	0.999899776522	0.999892484679	0.999876506677	0.99984824146	0.999855331617	0.999808530112	0.999741229834	0.999668473143
90-91	0.999848123414	0.999905655538	0.999923478917	0.999905086375	0.999900029614	0.999886991959	0.999861140936	0.999867815691	0.999826560909	0.999752767357	0.999691265614
91-92	0.999856282074	0.999914353963	0.999929789934	0.999912387423	0.999905688315	0.999893982147	0.999874799204	0.999875893621	0.99983858144	0.999772545969	0.999715094107
92-93	0.999865068322	0.999921491133	0.999933339881	0.999919024739	0.999912290133	0.999900972335	0.999883904717	0.999890580766	0.999845450315	0.999793972798	0.99973167045
93-94	0.99987510975	0.999927736157	0.999940045337	0.999925662056	0.999919835068	0.999912622649	0.999897562985	0.999905267912	0.999855753627	0.999807982648	0.9997534269
94-95	0.999883268409	0.999932865997	0.999943595284	0.999930308177	0.999924550652	0.999918447805	0.999908944876	0.999913345842	0.999868632768	0.999822816606	0.999777255393
95-96	0.99989079948	0.999937103692	0.999948328547	0.999936945494	0.999930209353	0.999923107931	0.99991577401	0.999918486343	0.999881511908	0.999839298782	0.999787615607
96-97	0.999896447782	0.999942010496	0.999952272933	0.999941591615	0.999938697405	0.999934758244	0.999923361937	0.999923626844	0.999890956611	0.999852484523	0.999801083886
97-98	0.999907744388	0.999947140337	0.999954639564	0.999945574005	0.999945299223	0.999938253338	0.999929432279	0.999930970416	0.999898684095	0.999864022047	0.999813516143
98-99	0.999914647869	0.999951378031	0.999957006195	0.99995154759	0.999948128573	0.999942913464	0.999933985035	0.999936110917	0.99990641158	0.999871439026	0.999830092486
99-100	0.99992155135	0.999955615726	0.999960161704	0.999957521175	0.999951901041	0.999949903652	0.999937020206	0.999939782704	0.999918432111	0.999885448876	0.9998404527
100-101	0.999927199653	0.99996052253	0.999962922774	0.999960839833	0.999959445975	0.999953398746	0.99994384934	0.999944923205	0.999923583767	0.99989616229	0.999851848936
101-102	0.999934730723	0.999963422005	0.999964500528	0.999964158491	0.999966047793	0.999954563777	0.999946884511	0.999948594991	0.999931311251	0.999903579269	0.999860137107
102-103	0.999940379026	0.999964983261	0.999965683844	0.999970795808	0.999966047793	0.999958058871	0.999953713645	0.999954469849	0.99993216986	0.999914292684	0.999872569364
103-104	0.999943516972	0.999968551846	0.999968839353	0.999973450734	0.999967934027	0.999962718997	0.999959783987	0.999956672921	0.999935604298	0.99992418199	0.999877749471
104-105	0.99994539974	0.999971005248	0.999971600423	0.999975441929	0.999968877144	0.999966214091	0.99996357795	0.999957407278	0.999939897345	0.999927478425	0.999890181729
105-106	0.999947282507	0.999974573833	0.999973572616	0.999978760587	0.999972649611	0.999969709185	0.999966613121	0.999964016494	0.999945049001	0.999932423078	0.999903650007
106-107	0.999952303221	0.999976804198	0.999976728124	0.999980088051	0.999975478962	0.999972039248	0.999967371914	0.999966219565	0.999950200657	0.999936543622	0.999911938179
107-108	0.999955441167	0.999978811527	0.99997791144	0.999982742977	0.999977365196	0.999972039248	0.999968889499	0.999973563138	0.999955352313	0.999938191839	0.999919190329
108-109	0.999959834291	0.999981711003	0.999978700317	0.999983406709	0.999979251429	0.999975534342	0.999969648292	0.999975031853	0.999960503969	0.999942312383	0.999921262371
109-110	0.999962344648	0.999983272258	0.999980278071	0.999985397904	0.999979251429	0.999975534342	0.999970407085	0.999976500567	0.999964797016	0.999946432927	0.999932658607
110-111	0.999962344648	0.999984387441	0.999981066948	0.999987389099	0.999980194546	0.999976699373	0.999972683463	0.999977969282	0.999968231454	0.999953025798	0.999938874736
111-112	0.999965482594	0.999985502624	0.999983039141	0.999988716562	0.999981137663	0.999976699373	0.999977236219	0.999979437996	0.999969948672	0.999957970451	0.9999419828
112-113	0.99996862054	0.999986840843	0.999984222457	0.999989380294	0.999983023897	0.999981359498	0.999981788975	0.999980906711	0.999970807282	0.999960442777	0.99994923495
113-114	0.999971758486	0.999987286916	0.999985800211	0.999990707757	0.999985853247	0.999983689561	0.999982547768	0.999981641068	0.9999725245	0.999963739212	0.999951306993
114-115	0.999974896432	0.999987956026	0.999986983527	0.999990707757	0.999986796364	0.999986019624	0.999983306561	0.999982375425	0.99997338311	0.999963739212	0.9999564871
115-116	0.999977406789	0.999988179063	0.99998895572	0.999991371489	0.999989625715	0.999986019624	0.999986341731	0.999983109783	0.999975958938	0.99996538743	0.999959595164
116-117	0.999979289556	0.999988402099	0.999989350159	0.999991371489	0.999990568831	0.999986019624	0.999987100524	0.99998384414	0.999979393375	0.999967859756	0.99996373925
117-118	0.999980544735	0.999989517282	0.999990533474	0.999991371489	0.999991511948	0.999987184655	0.999987859317	0.99998384414	0.999980251985	0.999970332083	0.999967883336
118-119	0.999983055092	0.999990186392	0.99999171679	0.99999203522	0.999993398182	0.999988349686	0.999987859317	0.999984578497	0.999981969203	0.999971156192	0.999968919357
119-120	0.99998431027	0.999990855501	0.999992505667	0.999992698952	0.999996227533	0.999988349686	0.999990135695	0.999987515926	0.999983686422	0.999973628518	0.999969955379
120-121	0.99998431027	0.999991078538	0.999992900106	0.999992698952	0.999997170649	0.999990679749	0.999990135695	0.999988250284	0.99998626225	0.999978573171	0.999972027421
121-122	0.99998431027	0.999991747648	0.999992900106	0.999992698952	0.999997170649	0.999991844781	0.999990135695	0.999988250284	0.99998712086	0.999981045497	0.999973063443
122-123	0.999985565448	0.999993085867	0.999994083421	0.999994690147	0.999997170649	0.999995339875	0.99999165328	0.999988250284	0.999987979469	0.999982693715	0.999975135486
123-124	0.999988075805	0.999993754977	0.99999447786	0.999994690147	0.999997170649	0.999995339875	0.999992412073	0.999989718998	0.999989696688	0.999983517824	0.999977207529
124-125	0.999988703394	0.999993754977	0.999994872299	0.999995353878	0.999997170649	0.999996504906	0.999992412073	0.999989718998	0.999989696688	0.999983517824	0.999979279571
125-126	0.999989330984	0.999993754977	0.999995266737	0.999995353878	0.999997170649	0.999996504906	0.999994688451	0.999991187713	0.999992272516	0.999983517824	0.999984459679
126-127	0.999990586162	0.999994424086	0.999995661176	0.999997345073	0.999997170649	0.999996504906	0.999995447244	0.99999192207	0.999992272516	0.999983517824	0.999984459679
127-128	0.999990586162	0.999995762305	0.999995661176	0.999997345073	0.999998113766	0.999997669937	0.999996206036	0.99999192207	0.999993131125	0.999985166041	0.9999854957
128-129	0.999991213751	0.999995985342	0.999996055614	0.999997345073	0.999998113766	0.999997669937	0.999996206036	0.99999192207	0.999994848344	0.999986814259	0.999987567743
129-130	0.999991213751	0.999996208379	0.999996450053	0.999997345073	0.999998113766	0.999997669937	0.999996964829	0.999993390785	0.999994848344	0.999987638368	0.999988603764
130-131	0.99999184134	0.999996431415	0.999996844491	0.999999336268	0.999998113766	0.999997669937	0.999996964829	0.999994125142	0.999994848344	0.999987638368	0.999988603764
131-132	0.99999184134	0.999996431415	0.999996844491	0.999999336268	0.999998113766	0.999997669937	0.999998482415	0.999995593856	0.999995706953	0.999987638368	0.999989639786
132-133	0.99999184134	0.999996654452	0.999996844491	0.999999336268	0.999998113766	0.999997669937	0.999998482415	0.999995593856	0.999996565563	0.999988462477	0.999989639786
133-134	0.99999184134	0.999997100525	0.99999723893	0.999999336268	0.999998113766	0.999997669937	0.999999241207	0.999995593856	0.999996565563	0.999988462477	0.999990675807
134-135	0.99999184134	0.999997323561	0.99999723893	0.999999336268	0.999999056883	0.999997669937	0.999999241207	0.999995593856	0.999996565563	0.999988462477	0.999991711829
135-136	0.999994979286	0.999997323561	0.999997633369	0.999999336268	0.999999056883	0.999997669937	0.999999241207	0.999995593856	0.999997424172	0.999988462477	0.999993783871
136-137	0.999995606876	0.999997323561	0.999997633369	0.999999336268	0.999999056883	0.999997669937	0.999999241207	0.999995593856	0.999997424172	0.999988462477	0.999993783871
137-138	0.999995606876	0.999997323561	0.999998422246	0.999999336268	0.999999056883	0.999997669937	0.999999241207	0.999995593856	0.999997424172	0.999990110694	0.999993783871
138-139	0.999995606876	0.999997769634	0.999998816684	0.999999336268	0.999999056883	0.999997669937	0.999999241207	0.999996328214	0.999997424172	0.999990934803	0.999995855914
139-140	0.999995606876	0.999998215708	0.999998816684	0.999999336268	0.999999056883	0.999997669937	0.999999241207	0.999996328214	0.999997424172	0.999990934803	0.999996891936
140-141	0.999996234465	0.999998215708	0.999998816684	1.0	0.999999056883	0.999997669937	0.999999241207	0.999996328214	0.999997424172	0.999990934803	0.999996891936
141-142	0.999996862054	0.999998215708	0.999998816684	1.0	0.999999056883	0.999997669937	0.999999241207	0.999996328214	0.999997424172	0.999990934803	0.999997927957
142-143	0.999996862054	0.999998438744	0.999998816684	1.0	0.999999056883	0.999997669937	0.999999241207	0.999996328214	0.999997424172	0.999990934803	0.999997927957
143-144	0.999996862054	0.999998438744	0.999998816684	1.0	0.999999056883	0.999997669937	0.999999241207	0.999996328214	0.999998282781	0.999991758912	0.999997927957
144-145	0.999996862054	0.999998438744	0.999998816684	1.0	0.999999056883	0.999997669937	0.999999241207	0.999996328214	0.999998282781	0.999991758912	0.999997927957
145-146	0.999997489643	0.999998661781	0.999998816684	1.0	0.999999056883	0.999998834969	0.999999241207	0.999997062571	0.999998282781	0.99999340713	0.999997927957
146-147	0.999997489643	0.999998884817	0.999998816684	1.0	0.999999056883	0.999998834969	0.999999241207	0.999997062571	0.999998282781	0.999995055347	0.999997927957
147-148	0.999998117232	0.999999107854	0.999999211123	1.0	0.999999056883	0.999998834969	0.999999241207	0.999997062571	0.999998282781	0.999995879456	0.999997927957
148-149	0.999998117232	0.999999107854	0.999999211123	1.0	0.999999056883	0.999998834969	0.999999241207	0.999999265643	0.999998282781	0.999995879456	0.999997927957
149-150	0.999998117232	0.999999107854	0.999999211123	1.0	0.999999056883	0.999998834969	0.999999241207	0.999999265643	0.999998282781	0.999996703565	0.999997927957
150-151	0.999998117232	0.999999107854	0.999999211123	1.0	0.999999056883	0.999998834969	0.999999241207	0.999999265643	0.999998282781	0.999996703565	0.999997927957
151-152	0.999998744822	0.999999107854	0.999999211123	1.0	0.999999056883	0.999998834969	0.999999241207	0.999999265643	1.0	0.999996703565	0.999997927957
152-153	0.999998744822	0.999999107854	0.999999211123	1.0	0.999999056883	0.999998834969	0.999999241207	0.999999265643	1.0	0.999997527674	0.999998963979
153-154	0.999999372411	0.99999933089	0.999999211123	1.0	0.999999056883	0.999998834969	0.999999241207	0.999999265643	1.0	0.999997527674	0.999998963979
154-155	0.999999372411	0.99999933089	0.999999211123	1.0	0.999999056883	0.999998834969	0.999999241207	0.999999265643	1.0	0.999997527674	0.999998963979
155-156	0.999999372411	0.99999933089	0.999999211123	1.0	0.999999056883	0.999998834969	0.999999241207	0.999999265643	1.0	0.999997527674	0.999998963979
156-157	0.999999372411	0.99999933089	0.999999211123	1.0	0.999999056883	0.999998834969	0.999999241207	0.999999265643	1.0	0.999997527674	0.999998963979
157-158	0.999999372411	0.99999933089	0.999999211123	1.0	1.0	0.999998834969	0.999999241207	0.999999265643	1.0	0.999997527674	0.999998963979
158-159	0.999999372411	0.99999933089	0.999999211123	1.0	1.0	0.999998834969	0.999999241207	0.999999265643	1.0	0.999997527674	1.0
159-160	0.999999372411	0.99999933089	0.999999211123	1.0	1.0	1.0	0.999999241207	0.999999265643	1.0	0.999998351782	1.0
160-161	0.999999372411	0.999999553927	0.999999211123	1.0	1.0	1.0	0.999999241207	0.999999265643	1.0	0.999998351782	1.0
161-162	0.999999372411	0.999999553927	0.999999605561	1.0	1.0	1.0	0.999999241207	0.999999265643	1.0	0.999999175891	1.0
162-163	0.999999372411	0.999999553927	0.999999605561	1.0	1.0	1.0	0.999999241207	0.999999265643	1.0	0.999999175891	1.0
163-164	0.999999372411	0.999999553927	0.999999605561	1.0	1.0	1.0	1.0	1.0	1.0	1.0	1.0
164-165	0.999999372411	0.999999553927	0.999999605561	1.0	1.0	1.0	1.0	1.0	1.0	1.0	1.0
165-166	0.999999372411	0.999999553927	0.999999605561	1.0	1.0	1.0	1.0	1.0	1.0	1.0	1.0
166-167	0.999999372411	0.999999776963	0.999999605561	1.0	1.0	1.0	1.0	1.0	1.0	1.0	1.0
167-168	0.999999372411	0.999999776963	0.999999605561	1.0	1.0	1.0	1.0	1.0	1.0	1.0	1.0
168-169	1.0	0.999999776963	1.0	1.0	1.0	1.0	1.0	1.0	1.0	1.0	1.0
169-170	1.0	0.999999776963	1.0	1.0	1.0	1.0	1.0	1.0	1.0	1.0	1.0
170-171	1.0	0.999999776963	1.0	1.0	1.0	1.0	1.0	1.0	1.0	1.0	1.0
171-172	1.0	1.0	1.0	1.0	1.0	1.0	1.0	1.0	1.0	1.0	1.0
