bins	0-1	1-2	2-3	3-4	4-5	5-7	7-10	10-17	17-150
0-1	0.0	0.0768743356222	0.103861258728	0.11612778688	0.12036129557	0.11886758931	0.114418484356	0.109066396733	0.106767400103
1-2	0.256698253952	0.396761338258	0.431102152467	0.438829537122	0.431703425163	0.411503688743	0.385158053622	0.363019699271	0.348088927202
2-3	0.464239629061	0.593902688133	0.623272279545	0.623020786121	0.606406290281	0.574081428433	0.535482831503	0.503545109891	0.480042618556
3-4	0.596823278585	0.70529866382	0.728518241837	0.723811234277	0.703856864105	0.667342058119	0.624186200332	0.587960911718	0.559776483485
4-5	0.684427518044	0.77347626584	0.791991605652	0.785787771847	0.765801819701	0.729396641593	0.686235841317	0.649219383877	0.618628795234
5-6	0.747822751343	0.820982224913	0.835829027826	0.829368482904	0.810753749189	0.776840387277	0.735996603824	0.700469742406	0.669234482326
6-7	0.794758984249	0.855414702691	0.867536899651	0.861415962117	0.844751469006	0.814256899574	0.776975431783	0.743699101474	0.713098828649
7-8	0.830914887513	0.881439128042	0.89154004551	0.885932653167	0.871219697576	0.84437343617	0.810742685608	0.780281309743	0.751148754815
8-9	0.85918563637	0.901670684451	0.910172183208	0.905284455981	0.892403614511	0.868843856986	0.838923844675	0.811366449299	0.783632759112
9-10	0.881916504846	0.917722332315	0.924937704514	0.920740584659	0.909521650621	0.888938821118	0.862650967656	0.837713429231	0.81200774523
10-11	0.900502680111	0.93074538576	0.936844052537	0.933194085109	0.923520548311	0.905544915927	0.882544142868	0.86026139954	0.836311097868
11-12	0.915669271043	0.941367513185	0.946505842382	0.943410021205	0.935160368385	0.919456847668	0.899340056433	0.879474076	0.85762807283
12-13	0.928112252681	0.95008787723	0.954616942148	0.951880522761	0.944822252447	0.931146650085	0.913534249015	0.89581238428	0.875850914221
13-14	0.938564421999	0.957416115889	0.961267320167	0.958951353392	0.952896231699	0.941008845843	0.925641340917	0.909832113685	0.89170972321
14-15	0.947246710608	0.963605221061	0.966903785443	0.9649085282	0.959742890542	0.949356527434	0.935856368466	0.922043295764	0.905233088097
15-16	0.954662891137	0.968852519121	0.9716846418	0.969898413376	0.965526130979	0.956504964628	0.944592723873	0.932377293886	0.917031259106
16-17	0.960928285033	0.973271046411	0.975727353506	0.974176972992	0.970419300211	0.962590019535	0.952294008781	0.94131065832	0.927383521924
17-18	0.966308738574	0.977013426354	0.979161313214	0.977804309106	0.974544074637	0.967804163477	0.958771016754	0.948875196284	0.936299772503
18-19	0.97090095992	0.980198176582	0.982024732193	0.980905575421	0.97810491506	0.972317659549	0.964335381921	0.955665200558	0.943918554136
19-20	0.974797206227	0.982902522355	0.984518775582	0.983590723353	0.981117378279	0.976039062099	0.969111651936	0.96150656847	0.950767650801
20-21	0.978171066618	0.985238403756	0.986620799667	0.985871773315	0.983700918296	0.979309332769	0.973195754992	0.966517600553	0.956919632794
21-22	0.981077571678	0.98722470078	0.98844200126	0.987787614874	0.98592165151	0.98204268683	0.97665711978	0.970793160443	0.962109508578
22-23	0.983580653998	0.988955082549	0.989995926153	0.98939092572	0.987802913122	0.984425499228	0.979779820948	0.974548086377	0.966746310735
23-24	0.985724823609	0.990445627509	0.991330287889	0.990843627873	0.989427487532	0.986502621877	0.982379421972	0.977786284504	0.970725582019
24-25	0.987576036285	0.991732390357	0.992494821767	0.992065820948	0.990788151941	0.988268393857	0.984654139116	0.98061880108	0.974193562575
25-26	0.989159784134	0.992843995596	0.993501456173	0.99309568743	0.991977691549	0.989798584421	0.986611392241	0.983021641186	0.977312985795
26-27	0.990533930199	0.993779590582	0.994343114946	0.994020905618	0.993065000756	0.991122804542	0.988297290479	0.985132636104	0.980044267881
27-28	0.991721134132	0.994596302518	0.995088133582	0.994769706582	0.993959516761	0.992234086933	0.989770662721	0.986937835301	0.982346725485
28-29	0.992769547693	0.995294740436	0.995734490319	0.995452041738	0.994754024766	0.993257842771	0.991098817698	0.988610225407	0.984413879399
29-30	0.993686454343	0.995902188971	0.996263989317	0.996068264627	0.995426856371	0.994103497317	0.9922345863	0.990021461503	0.986233634573
30-31	0.994476709721	0.99642242412	0.996740113845	0.996608122546	0.996023570775	0.994848561647	0.993203938038	0.991279241716	0.987842276156
31-32	0.995131411822	0.996865190397	0.997159629088	0.997051110085	0.996534167178	0.995459070233	0.994057751952	0.992384124068	0.989207917199
32-33	0.995722990605	0.997262522886	0.997520108932	0.99741242953	0.99694142198	0.996031258736	0.994775888422	0.993292582891	0.990457005947
33-34	0.996244971884	0.997602362752	0.99782964042	0.997745112112	0.997312562783	0.996549886215	0.995451625691	0.994083857222	0.991518071653
34-35	0.996713945762	0.997901641085	0.998097119295	0.998023349297	0.997640366785	0.99698316442	0.996033554728	0.99476520134	0.992496671113
35-36	0.997124651962	0.998167057239	0.998329621719	0.998276485034	0.997939835187	0.99735809159	0.996503655871	0.99537958289	0.993368614226
36-37	0.997472639481	0.998390328377	0.998537054316	0.998487902869	0.998203189589	0.997690344123	0.996928707863	0.995919189574	0.994102014046
37-38	0.997768024236	0.99860020081	0.99872123667	0.998676694047	0.99843820839	0.997965551988	0.997300760854	0.996421408825	0.994769440868
38-39	0.998036298335	0.998773774935	0.998883179663	0.998825888574	0.998633223991	0.998202004314	0.997631474623	0.996858339574	0.995330211344
39-40	0.998256016037	0.998930661583	0.999023691997	0.998966244562	0.998807682392	0.9984192966	0.997935158902	0.997248954547	0.995861293972
40-41	0.998466831731	0.999067450174	0.999137112744	0.999092105347	0.998961027993	0.998611767923	0.998189024119	0.997587673531	0.996309910354
41-42	0.998650132134	0.999174152584	0.999245074739	0.999213016551	0.999080481994	0.998783772839	0.998393070275	0.997887331017	0.996731037986
42-43	0.998803894061	0.999278662478	0.999334638717	0.999301755475	0.999197713595	0.998940536812	0.99858916658	0.99812114198	0.99710818362
43-44	0.998945921526	0.999360272768	0.999412476484	0.999388726692	0.999302166396	0.999068560724	0.998765123265	0.998335980215	0.997467736455
44-45	0.999065289337	0.999438959705	0.99948687726	0.999454485417	0.999379950396	0.999182214605	0.998919350359	0.998527381552	0.997745922594
45-46	0.999170899503	0.999504978776	0.999550562706	0.999514941019	0.999452733996	0.9992771439	0.999033828203	0.998701484225	0.997988923134
46-47	0.99925951493	0.999565029333	0.999602117592	0.999574689538	0.999521628397	0.999366412274	0.999155195916	0.998835409359	0.998184643026
47-48	0.999340846896	0.999617406086	0.999651044189	0.99962383181	0.999569409997	0.99943521424	0.999249004149	0.99896821845	0.998390258867
48-49	0.999411253674	0.999662718068	0.999693703329	0.999666963877	0.999623303198	0.999504016206	0.999346522312	0.999099911498	0.99855958956
49-50	0.999481660451	0.999704863084	0.999729892837	0.999707267612	0.999676640798	0.999564979973	0.999426020814	0.999203703476	0.998703630604
50-51	0.999543165222	0.999742623069	0.99976426276	0.999742268223	0.999712199198	0.999622460097	0.999488029646	0.999306379412	0.998850970298
51-52	0.999592530893	0.999772709251	0.999792567403	0.999767369672	0.999748313198	0.999668618378	0.999534668767	0.999382270321	0.998971920793
52-53	0.999637040925	0.999800968337	0.999812987181	0.99979459237	0.999782204799	0.999710422104	0.999594557639	0.999454813102	0.999091771738
53-54	0.999679527773	0.999821919038	0.999835428719	0.99981757257	0.999806651199	0.999747000365	0.99963960679	0.999503918984	0.999197328533
54-55	0.999719182165	0.999844453223	0.999855444145	0.999840199228	0.999826097199	0.999775304971	0.999679886031	0.999559163102	0.99928309343
55-56	0.999747102093	0.999861871538	0.999867776883	0.999855401514	0.999846654399	0.999797948656	0.999711685432	0.999598782621	0.999353464627
56-57	0.999775426659	0.999876610113	0.999883748788	0.999874492756	0.999863322399	0.999827559629	0.999745604793	0.999643424332	0.999420537174
57-58	0.999794444582	0.999891348688	0.99989689023	0.999890048584	0.999878323599	0.999844106937	0.999776344214	0.999684717915	0.999465618722
58-59	0.999820745964	0.999903772941	0.999906999031	0.999902776079	0.999888879999	0.999861525157	0.999798073804	0.999718199198	0.99951729757
59-60	0.999836526793	0.999914613711	0.99991670348	0.999908079202	0.999898880799	0.999874588821	0.999822453345	0.999750006417	0.999571175518
60-61	0.999855544716	0.999924236417	0.999924386168	0.999918685448	0.999908881599	0.999890265219	0.999844182936	0.999776233423	0.999611858866
61-62	0.999872944092	0.999931301188	0.999931057977	0.999925402737	0.999917215599	0.999903764338	0.999860612626	0.999804134492	0.999643745815
62-63	0.999886701738	0.999938731379	0.999938134138	0.999934241275	0.9999255496	0.999916392547	0.999880222257	0.999822549198	0.999677831863
63-64	0.999895603744	0.999945552538	0.999944401594	0.999940605023	0.9999344392	0.999924230746	0.999896651947	0.999835941711	0.999704221062
64-65	0.99990814748	0.999951155632	0.999949051643	0.999945201063	0.999941662	0.999934246222	0.999907251747	0.999853798396	0.999729510711
65-66	0.999913812393	0.999957489565	0.999954914747	0.999950504186	0.9999483292	0.999942084421	0.999916791568	0.999869422995	0.99975150171
66-67	0.999924737583	0.999962361821	0.999959766972	0.999953686059	0.9999577744	0.999946438976	0.999921561478	0.999885605615	0.999775691809
67-68	0.999932830316	0.999967599497	0.9999654279	0.999956867933	0.9999616636	0.999950793531	0.999927391368	0.999896766043	0.999803180558
68-69	0.999940518412	0.999971131882	0.999969471421	0.99996075689	0.9999672196	0.999955583541	0.999936401198	0.999907926471	0.999830669307
69-70	0.999945778689	0.999973689817	0.999973110589	0.999963938764	0.9999699976	0.999959067185	0.999941171108	0.999924109091	0.999844963456
70-71	0.999950229692	0.999976491364	0.99997614323	0.999965706471	0.99997222	0.999962550829	0.999949650949	0.999933595455	0.999855958956
71-72	0.999954276058	0.999978927492	0.99997917587	0.999968888345	0.9999744424	0.999966469928	0.999956540819	0.999939175668	0.999870253105
72-73	0.999957513152	0.999980510975	0.999980995454	0.999972423761	0.9999761092	0.999971695394	0.999961310729	0.999946987968	0.999880149055
73-74	0.999960345608	0.99998306891	0.999982410686	0.999975959176	0.9999799984	0.999973437216	0.999966080639	0.99995201016	0.999891144555
74-75	0.999963987338	0.9999847742	0.999983825918	0.999978433967	0.9999844432	0.999976920859	0.999967670609	0.999955358289	0.999904339154
75-76	0.999968438341	0.99998611407	0.999986049855	0.999980201674	0.9999844432	0.999979098137	0.999970850549	0.999958706417	0.999915334654
76-77	0.999972080071	0.99998745394	0.999988071615	0.999982676465	0.9999849988	0.999982146325	0.999974030489	0.999961496524	0.999928529253
77-78	0.999974912528	0.99998915923	0.999989486847	0.999984444173	0.9999866656	0.999982581781	0.999978270409	0.999967076738	0.999932927453
78-79	0.999976935711	0.999990620907	0.999991306431	0.99998621188	0.9999883324	0.999984759058	0.999979860379	0.999970424866	0.999940624302
79-80	0.999978149621	0.999991838971	0.999992317311	0.999987626046	0.9999894436	0.999986065425	0.99998463029	0.999975447059	0.999948321152
80-81	0.999980172804	0.999992691616	0.999993530367	0.999988686671	0.9999899992	0.999986936336	0.99998781023	0.999976563102	0.999950520252
81-82	0.999981386714	0.999993300648	0.999993530367	0.999990454379	0.9999911104	0.999988678157	0.99998781023	0.999979353209	0.999953818902
82-83	0.999982600624	0.999994153293	0.999993732543	0.99999080792	0.9999911104	0.999989984524	0.99998781023	0.999982143316	0.999959316652
83-84	0.999984219171	0.999994762325	0.999994136895	0.999991515003	0.9999927772	0.999990419979	0.99999046018	0.999983259358	0.999960416202
84-85	0.999985433081	0.999995127744	0.999994945599	0.999992575628	0.9999933328	0.99999129089	0.99999046018	0.999984933422	0.999965913951
85-86	0.999986646991	0.999995980389	0.999995552128	0.999993989794	0.9999933328	0.999992597257	0.99999205015	0.999984933422	0.999968113051
86-87	0.9999878609	0.999996467614	0.99999595648	0.999994696877	0.999994444	0.999993903623	0.99999364012	0.999984933422	0.999970312151
87-88	0.999988670174	0.999996589421	0.999996563008	0.999995050419	0.9999949996	0.999994339079	0.99999417011	0.999986607487	0.999971411701
88-89	0.999989884084	0.999997198453	0.99999696736	0.99999540396	0.9999955552	0.999994774534	0.99999523009	0.999988281551	0.999976909451
89-90	0.999990693357	0.999997442066	0.99999696736	0.999995757502	0.9999955552	0.999995645445	0.99999576008	0.999988281551	0.999981307651
90-91	0.999990693357	0.999998051098	0.999997169536	0.999996111043	0.9999955552	0.999995645445	0.99999682006	0.999988839572	0.999981307651
91-92	0.999990693357	0.999998172904	0.999997371712	0.999996111043	0.9999955552	0.999997387267	0.99999788004	0.999991071658	0.999982407201
92-93	0.999991097994	0.999998416517	0.999997371712	0.999996818126	0.9999955552	0.999997822723	0.99999788004	0.999991629679	0.999985705851
93-94	0.999991097994	0.999998416517	0.999997371712	0.999997171668	0.9999961108	0.999998258178	0.99999788004	0.999992187701	0.999986805401
94-95	0.999992311904	0.999998538323	0.999997776064	0.999997171668	0.9999966664	0.999998693634	0.99999841003	0.999993861765	0.9999890045
95-96	0.99999393045	0.999998781936	0.999997776064	0.999997171668	0.999997222	0.999998693634	0.99999894002	0.999993861765	0.99999010405
96-97	0.999994739724	0.999998903742	0.999997776064	0.999997878751	0.999997222	0.999998693634	0.99999894002	0.999994419786	0.9999912036
97-98	0.999995548997	0.999998903742	0.999997776064	0.999997878751	0.9999977776	0.999998693634	0.99999894002	0.999995535829	0.9999912036
98-99	0.99999635827	0.999999147355	0.99999797824	0.999998232292	0.9999977776	0.999999564545	0.99999894002	0.999995535829	0.99999230315
99-100	0.999997167543	0.999999390968	0.999998180416	0.999998232292	0.9999977776	0.999999564545	0.99999894002	0.99999609385	0.9999934027
100-101	0.999997167543	0.999999390968	0.999998382592	0.999998232292	0.9999983332	0.999999564545	0.99999894002	0.99999609385	0.99999450225
101-102	0.99999757218	0.999999390968	0.999998382592	0.999998232292	0.9999988888	0.999999564545	0.99999894002	0.99999609385	0.99999450225
102-103	0.999997976817	0.999999390968	0.999998584768	0.999998939375	0.9999988888	1.0	0.99999894002	0.99999609385	0.99999450225
103-104	0.999997976817	0.999999390968	0.999998786944	0.999998939375	0.9999988888	1.0	0.99999894002	0.999996651872	0.9999956018
104-105	0.999998381453	0.999999390968	0.99999898912	0.999998939375	0.9999988888	1.0	0.99999894002	0.999996651872	0.9999956018
105-106	0.999998381453	0.999999390968	0.99999898912	0.999999292917	0.9999988888	1.0	0.99999894002	0.999996651872	0.9999956018
106-107	0.999998381453	0.999999390968	0.99999898912	1.0	0.9999988888	1.0	0.99999894002	0.999997209893	0.9999956018
107-108	0.999998381453	0.999999512774	0.99999898912	1.0	0.9999988888	1.0	0.99999947001	0.999997209893	0.9999956018
108-109	0.99999878609	0.999999512774	0.99999898912	1.0	0.9999988888	1.0	0.99999947001	0.999997767914	0.9999956018
109-110	0.99999878609	0.999999634581	0.999999191296	1.0	0.9999988888	1.0	0.99999947001	0.999997767914	0.9999956018
110-111	0.99999878609	0.999999756387	0.999999393472	1.0	0.9999988888	1.0	0.99999947001	0.999997767914	0.99999670135
111-112	0.99999878609	0.999999756387	0.999999797824	1.0	0.9999988888	1.0	0.99999947001	0.999998325936	0.9999978009
112-113	0.99999878609	0.999999756387	0.999999797824	1.0	0.9999988888	1.0	0.99999947001	0.999998325936	0.99999890045
113-114	0.99999878609	0.999999756387	0.999999797824	1.0	0.9999988888	1.0	0.99999947001	0.999998883957	0.99999890045
114-115	0.999999190727	0.999999756387	0.999999797824	1.0	0.9999988888	1.0	0.99999947001	0.999998883957	0.99999890045
115-116	0.999999190727	0.999999756387	0.999999797824	1.0	0.9999988888	1.0	0.99999947001	0.999999441979	0.99999890045
116-117	0.999999190727	0.999999756387	0.999999797824	1.0	0.9999988888	1.0	0.99999947001	0.999999441979	0.99999890045
117-118	0.999999190727	0.999999756387	0.999999797824	1.0	0.9999988888	1.0	0.99999947001	0.999999441979	0.99999890045
118-119	0.999999190727	0.999999878194	0.999999797824	1.0	0.9999994444	1.0	0.99999947001	0.999999441979	0.99999890045
119-120	0.999999190727	0.999999878194	0.999999797824	1.0	1.0	1.0	0.99999947001	0.999999441979	0.99999890045
120-121	1.0	1.0	0.999999797824	1.0	1.0	1.0	0.99999947001	0.999999441979	0.99999890045
121-122	1.0	1.0	0.999999797824	1.0	1.0	1.0	0.99999947001	0.999999441979	0.99999890045
122-123	1.0	1.0	0.999999797824	1.0	1.0	1.0	0.99999947001	0.999999441979	0.99999890045
123-124	1.0	1.0	0.999999797824	1.0	1.0	1.0	0.99999947001	0.999999441979	0.99999890045
124-125	1.0	1.0	0.999999797824	1.0	1.0	1.0	0.99999947001	0.999999441979	0.99999890045
125-126	1.0	1.0	0.999999797824	1.0	1.0	1.0	0.99999947001	0.999999441979	0.99999890045
126-127	1.0	1.0	0.999999797824	1.0	1.0	1.0	1.0	1.0	0.99999890045
127-128	1.0	1.0	0.999999797824	1.0	1.0	1.0	1.0	1.0	0.99999890045
128-129	1.0	1.0	0.999999797824	1.0	1.0	1.0	1.0	1.0	0.99999890045
129-130	1.0	1.0	0.999999797824	1.0	1.0	1.0	1.0	1.0	0.99999890045
130-131	1.0	1.0	0.999999797824	1.0	1.0	1.0	1.0	1.0	0.99999890045
131-132	1.0	1.0	0.999999797824	1.0	1.0	1.0	1.0	1.0	0.99999890045
132-133	1.0	1.0	0.999999797824	1.0	1.0	1.0	1.0	1.0	1.0
133-134	1.0	1.0	0.999999797824	1.0	1.0	1.0	1.0	1.0	1.0
134-135	1.0	1.0	0.999999797824	1.0	1.0	1.0	1.0	1.0	1.0
135-136	1.0	1.0	0.999999797824	1.0	1.0	1.0	1.0	1.0	1.0
136-137	1.0	1.0	0.999999797824	1.0	1.0	1.0	1.0	1.0	1.0
137-138	1.0	1.0	0.999999797824	1.0	1.0	1.0	1.0	1.0	1.0
138-139	1.0	1.0	0.999999797824	1.0	1.0	1.0	1.0	1.0	1.0
139-140	1.0	1.0	0.999999797824	1.0	1.0	1.0	1.0	1.0	1.0
140-141	1.0	1.0	0.999999797824	1.0	1.0	1.0	1.0	1.0	1.0
141-142	1.0	1.0	0.999999797824	1.0	1.0	1.0	1.0	1.0	1.0
142-143	1.0	1.0	0.999999797824	1.0	1.0	1.0	1.0	1.0	1.0
143-144	1.0	1.0	0.999999797824	1.0	1.0	1.0	1.0	1.0	1.0
144-145	1.0	1.0	0.999999797824	1.0	1.0	1.0	1.0	1.0	1.0
145-146	1.0	1.0	1.0	1.0	1.0	1.0	1.0	1.0	1.0
146-147	1.0	1.0	1.0	1.0	1.0	1.0	1.0	1.0	1.0
147-148	1.0	1.0	1.0	1.0	1.0	1.0	1.0	1.0	1.0
148-149	1.0	1.0	1.0	1.0	1.0	1.0	1.0	1.0	1.0
149-150	1.0	1.0	1.0	1.0	1.0	1.0	1.0	1.0	1.0
