bins	0-1	1-2	2-3	3-4	4-5	5-6	6-8	8-11	11-17	17-39	39-273
0-1	0.0	0.0807931830125	0.104649313236	0.113004102065	0.112214743957	0.110795923191	0.106921762961	0.100321471901	0.0943860323335	0.0885645313172	0.0843307118296
1-2	0.242467218927	0.384215611685	0.412105717541	0.410355754574	0.388537371838	0.367769988978	0.340878289597	0.310570519964	0.284565646465	0.260232317374	0.235276093557
2-3	0.426270766128	0.565640651845	0.590848014506	0.57923537569	0.544110049853	0.51096129024	0.47155507377	0.426760991448	0.388820848522	0.352300876278	0.31542849361
3-4	0.544437269273	0.670113583221	0.691407772394	0.675969147821	0.636640760168	0.59818836896	0.552948905658	0.500839385126	0.456835616132	0.412435035545	0.367440737611
4-5	0.625892771638	0.736750618471	0.754959377999	0.738626246194	0.699581167622	0.660128967446	0.614301066186	0.559765357634	0.512189434331	0.46300518533	0.411867024454
5-6	0.687237133785	0.784106999163	0.800028981766	0.784383291488	0.74764558998	0.710169332896	0.665058940571	0.611307113153	0.562683988822	0.510632070205	0.454755073554
6-7	0.73465189219	0.81936792847	0.833319990173	0.81888119897	0.785177800381	0.750387326528	0.707590944926	0.656030995723	0.6077838698	0.554776609002	0.495584917223
7-8	0.77196468822	0.846468086316	0.858660235475	0.845699391587	0.815244296434	0.78302375266	0.743295040733	0.69469114235	0.648018890452	0.594445887141	0.534337985187
8-9	0.802005263752	0.868017214474	0.878736023216	0.867162100878	0.839883019179	0.810340961809	0.773832451102	0.728286809274	0.68380226775	0.631169929323	0.569980532162
9-10	0.826792148118	0.885397336862	0.89491448161	0.884582313786	0.860066563414	0.833340852058	0.799827777152	0.757725333024	0.715640029252	0.663893240247	0.602237099076
10-11	0.847351187959	0.899633255125	0.908196875757	0.899083674817	0.877198118648	0.852870458214	0.822187652513	0.783303228803	0.743765833766	0.693893057926	0.632500456519
11-12	0.864800269187	0.911583499273	0.919287682264	0.911388805466	0.891540912457	0.869628684989	0.841451740061	0.8058438205	0.768731414564	0.720906740436	0.66051062065
12-13	0.879894337423	0.921756606244	0.928723232794	0.921848733835	0.903861310158	0.884024236777	0.858330517701	0.825738013991	0.791011085035	0.7453713673	0.685992132394
13-14	0.892908019974	0.930478139393	0.936806230488	0.930760947379	0.914424611985	0.896456391511	0.873153414424	0.843377703539	0.810817050284	0.767391896733	0.709480434668
14-15	0.904144636551	0.938007477487	0.943762699326	0.938457327215	0.923749500619	0.907433504738	0.88604572587	0.858876553307	0.828640413553	0.787478336969	0.730876486009
15-16	0.914082269696	0.944651113746	0.949825211644	0.945121542595	0.93191991871	0.916921910528	0.897597327026	0.872600759573	0.844686384174	0.80550306276	0.751071659594
16-17	0.922735079297	0.950393343351	0.955129593066	0.950969528988	0.939008409292	0.925391585268	0.907871569621	0.884873029718	0.858945168066	0.821881472115	0.769239578207
17-18	0.930324779395	0.955472979239	0.959763084623	0.95607291031	0.945149695138	0.932775870416	0.917012050907	0.89590191277	0.871660684504	0.836725914676	0.785940445129
18-19	0.937088361802	0.959936512653	0.963781664217	0.960507919939	0.950643275339	0.939395265628	0.925073675714	0.905623163768	0.883082449379	0.85031036588	0.801712798324
19-20	0.943096998588	0.963906216814	0.967360870095	0.964487656753	0.955537339194	0.945211391743	0.932228666892	0.914379257773	0.893421268641	0.862755059553	0.815968579095
20-21	0.948495269666	0.96744840095	0.970581817406	0.968013893621	0.959794060695	0.950434324167	0.938641269662	0.922257172579	0.902934120342	0.873984603172	0.82905443257
21-22	0.953335715672	0.970582883045	0.973465418648	0.971182720057	0.963721229563	0.955189300159	0.944420824417	0.929270251371	0.911484353721	0.884364625829	0.841360334513
22-23	0.957680192962	0.973354534006	0.975964779127	0.973927476175	0.967219876376	0.959448713658	0.949543867553	0.9356873346	0.919135863502	0.893790169308	0.852979136297
23-24	0.961549941367	0.975900833303	0.978221216638	0.976447077904	0.970357880686	0.963192365106	0.954148365056	0.941443683114	0.926130237035	0.902367177348	0.863567287842
24-25	0.964982596379	0.978150735334	0.980250362747	0.978680893115	0.97311192509	0.966583197604	0.958392930886	0.946655926227	0.932442289539	0.910177448372	0.873514764916
25-26	0.968094790763	0.980166810087	0.982068482731	0.980709055497	0.975572170213	0.969560612478	0.962058414987	0.951390285668	0.938207739004	0.917249069789	0.882635864771
26-27	0.970963658647	0.981967878414	0.983735356762	0.982493271075	0.977831367504	0.972348824823	0.965464860908	0.95561068542	0.943490946537	0.923795407364	0.891029628873
27-28	0.973468468351	0.98361027823	0.985211483455	0.984100199731	0.979819564752	0.974767385255	0.968537185118	0.959438202525	0.948222420799	0.929882983908	0.898494879247
28-29	0.975790317394	0.98506970446	0.98653277316	0.985540833256	0.981623813598	0.977064748337	0.971279141795	0.962971181193	0.952567262022	0.935396985975	0.90534731056
29-30	0.977879646167	0.986388659826	0.987739994689	0.98681729909	0.983256031824	0.979082010879	0.973809456771	0.966143399695	0.956557650764	0.940468488143	0.91190261748
30-31	0.979731610497	0.987586214461	0.988811390595	0.987982783312	0.984723473733	0.980963263064	0.976029582911	0.968966224447	0.960091915125	0.945010764377	0.918009142765
31-32	0.9814296792	0.988640306837	0.989789630823	0.98905005058	0.98604945673	0.982607507098	0.978077016931	0.971608669116	0.963392054295	0.949201208843	0.923552369722
32-33	0.982984285878	0.989611637319	0.990667955778	0.990038957028	0.987230871827	0.984043022366	0.979956451552	0.973969918532	0.966371787075	0.953081213514	0.928640624952
33-34	0.984392076872	0.990519400684	0.991461152076	0.990908372091	0.988329380602	0.985481904226	0.981651462252	0.976060350728	0.96910853335	0.95665373496	0.933583413031
34-35	0.985694041333	0.991331065524	0.99220259522	0.991691980284	0.989329438118	0.98671609723	0.98322587003	0.978020316233	0.971569646182	0.95987787397	0.937836005905
35-36	0.986863722627	0.992056977077	0.992858909707	0.992386235869	0.990269906715	0.98784121262	0.984605529902	0.979806326152	0.973876385629	0.962867458469	0.942063838414
36-37	0.987959250823	0.992717701174	0.993436643895	0.993024114212	0.991102597092	0.988863983582	0.985858955588	0.981404048915	0.975969987202	0.965670779091	0.945901695157
37-38	0.988937773626	0.993325826597	0.993987762175	0.993629017189	0.991859635451	0.989795856532	0.987017588317	0.982927642877	0.977907349852	0.968246936624	0.949464092827
38-39	0.989831709728	0.993875869125	0.994490718336	0.994160168806	0.992533767486	0.990616631912	0.98804998686	0.984306932773	0.979663288797	0.970591988978	0.952881023346
39-40	0.990653355875	0.994380043615	0.994927557203	0.994646998692	0.993103230289	0.991364688883	0.989027480572	0.985584913306	0.981276047594	0.97277443001	0.956102965982
40-41	0.99138780692	0.994844332854	0.995342004909	0.995082060797	0.993657666322	0.992068980145	0.989923790217	0.986726991038	0.982751222861	0.974743012518	0.959170156331
41-42	0.992101018133	0.995270481824	0.99570554441	0.995485565831	0.994178939825	0.99268439335	0.990696681308	0.987784561936	0.984065495357	0.976584955299	0.961980457881
42-43	0.992732996303	0.995646400306	0.996054931009	0.995846167429	0.994634406435	0.993272200493	0.99147191876	0.988774922721	0.985306079047	0.978327360242	0.964543155771
43-44	0.993298646576	0.995993900548	0.996376434275	0.996166702183	0.995075364438	0.993808835421	0.992118106393	0.989662491568	0.986418406904	0.97992784985	0.966966576601
44-45	0.99380616678	0.996306501196	0.99665801368	0.996469508245	0.995470205799	0.994329310704	0.992719243909	0.99047494323	0.987445386335	0.981338133488	0.969151678908
45-46	0.994280523036	0.996598785295	0.996927763793	0.996741111809	0.995839138935	0.994777740895	0.993312403799	0.991231551195	0.988417798738	0.982651835857	0.971225359567
46-47	0.994702338655	0.996864520774	0.997173432846	0.997020870571	0.996163509922	0.995174998872	0.993838927056	0.991934292231	0.989284808167	0.983883247043	0.97307000684
47-48	0.995099188154	0.997111560042	0.997398611875	0.99727084513	0.99647078148	0.995543304149	0.994295528776	0.992588108258	0.990100048877	0.985088541864	0.974806327512
48-49	0.995475543078	0.99732581862	0.997610694187	0.997473306795	0.996758362787	0.995888043276	0.994707549649	0.993150498763	0.990841600782	0.986180994284	0.97640646617
49-50	0.995811281481	0.997535590107	0.997799329152	0.997658748915	0.997019517703	0.996206522976	0.995118162706	0.993669400372	0.991519257963	0.987148778025	0.977839472357
50-51	0.996134723139	0.99772903357	0.997974233689	0.997845254756	0.9972371468	0.996492683383	0.995500619439	0.994138388588	0.992128822957	0.988110155865	0.979337474505
51-52	0.996423882962	0.997903780823	0.998125690878	0.998004812985	0.997454257732	0.996759317551	0.995830986973	0.994570806595	0.992699678008	0.988974952436	0.980733340142
52-53	0.996702236554	0.998065565368	0.998276514355	0.998161889198	0.997647014932	0.997008445435	0.996129444006	0.994981974346	0.993250478511	0.98973774736	0.981962073309
53-54	0.996943327283	0.998218251092	0.998413396167	0.998302655013	0.997824745361	0.997221214115	0.996419923415	0.995338286785	0.99375184222	0.990444367464	0.983162951064
54-55	0.99716839498	0.998356104487	0.998535068888	0.998431365318	0.99799677598	0.99744542921	0.996687877764	0.995672854774	0.994201437212	0.99109530551	0.984267882401
55-56	0.997361043986	0.998483737288	0.998637730246	0.998545183522	0.998163624955	0.997625878597	0.996926737245	0.9959990215	0.994632376809	0.991725054807	0.985276867318
56-57	0.997542886762	0.998594044933	0.998745038826	0.998664320333	0.998282284629	0.997790168336	0.997146825844	0.996290594785	0.995020409001	0.992275962252	0.986242521596
57-58	0.997711687534	0.998692885568	0.998830167484	0.998758636976	0.998418043732	0.997953111439	0.997368322259	0.996569319078	0.99535434055	0.992817507228	0.987075088905
58-59	0.997870799963	0.998792224769	0.998918675939	0.998841252681	0.998529967268	0.998119421135	0.997565885798	0.996814438314	0.995684074636	0.993310761568	0.987935511627
59-60	0.99802208719	0.998881592658	0.998995355102	0.998923868386	0.99863929998	0.998254758174	0.997754063896	0.99705214467	0.996014741492	0.993770508121	0.988712368112
60-61	0.998166294473	0.998962983496	0.999064852194	0.999003292927	0.998737751239	0.998391441851	0.997930979465	0.997259705313	0.996271719542	0.994196254125	0.989473749369
61-62	0.998291870324	0.999038017623	0.999134771761	0.999075625991	0.998832575345	0.998497152872	0.998087716334	0.997462324037	0.99653522698	0.994598840335	0.990114423842
62-63	0.998412974631	0.999109811074	0.999198354207	0.999135548971	0.998920145148	0.998612963672	0.99822755941	0.997651599576	0.996774948791	0.99499994826	0.990782953726
63-64	0.998530352652	0.999172879625	0.999261091704	0.999199726836	0.999003569635	0.998709921552	0.998355670684	0.997807270059	0.997001145441	0.995340446511	0.991346252054
64-65	0.998635433928	0.999228968258	0.999312844858	0.999260358963	0.999069894693	0.998814285936	0.998476742876	0.997965905693	0.997218947164	0.995665669153	0.991909550383
65-66	0.998735671032	0.999283062629	0.999363753063	0.999316381631	0.999134147093	0.998897777443	0.998598284341	0.998116634256	0.997393375097	0.995964775431	0.992441898253
66-67	0.998821375618	0.999339525186	0.999406634247	0.999365312821	0.999196845	0.998979922312	0.998694954387	0.998247595138	0.997575731571	0.996235301538	0.992921630346
67-68	0.998898882375	0.999386141072	0.999454585129	0.999402543075	0.999262651893	0.999050620766	0.998779892631	0.998378061828	0.997751092273	0.996500407267	0.993379697119
68-69	0.998963347129	0.999432133751	0.99949535394	0.999444028214	0.99931964999	0.999128725724	0.998868585051	0.99848678407	0.997887276648	0.996759107096	0.993754197656
69-70	0.999033401313	0.999475135036	0.999528306968	0.999487286223	0.999373020935	0.999196730904	0.998951176934	0.998598471464	0.998043515572	0.996977400476	0.994110127918
70-71	0.999093394524	0.999514521721	0.999560626285	0.999525580198	0.999411883274	0.999250596392	0.999033768818	0.998693850522	0.998178300792	0.997166620922	0.994459868089
71-72	0.999155623506	0.99955253735	0.999589777041	0.999558555565	0.9994538546	0.999307828473	0.999114483613	0.998793677307	0.998317283476	0.997358305176	0.994818893397
72-73	0.999205555744	0.999582326646	0.999617026661	0.999593303802	0.999487017129	0.999361020643	0.999181589518	0.998890044749	0.998421753682	0.997541612483	0.995190298889
73-74	0.999257351125	0.999613237715	0.99964596618	0.9996245063	0.999519661493	0.99941084622	0.999236963622	0.998978010927	0.998523425578	0.99771210799	0.995521468785
74-75	0.999304302333	0.999639786335	0.99966835734	0.999648971895	0.99955593301	0.999447878743	0.999282952284	0.999051151344	0.998616702547	0.997864864079	0.995821688224
75-76	0.999355725085	0.999663592843	0.999692015925	0.999671310048	0.999590131868	0.999491644453	0.999329410219	0.999114407921	0.998713710595	0.997998402467	0.996097147296
76-77	0.999401931036	0.999687025428	0.999714195848	0.999697193938	0.999626403384	0.999525310383	0.999382907234	0.999158885202	0.99880465564	0.99813046257	0.996354036094
77-78	0.999436585499	0.999707840543	0.999734474635	0.999718468369	0.999653866103	0.999557629676	0.99942514172	0.999208304403	0.998893735146	0.998258580581	0.996586164526
78-79	0.999470867334	0.999728780299	0.999753485997	0.999740097373	0.999675629013	0.999582542465	0.999465499118	0.999257723603	0.998967890336	0.998375857836	0.996852338462
79-80	0.999501422882	0.999749470773	0.9997693288	0.999756053196	0.999697910087	0.999619574988	0.999503979427	0.99930862538	0.999037381678	0.998479337768	0.99700709075
80-81	0.999533841574	0.999767419135	0.999782636753	0.999772363593	0.999718118503	0.999647181051	0.999534951383	0.999357550389	0.999110137714	0.998580846653	0.997183508358
81-82	0.999563279236	0.999783747159	0.999799324505	0.99978690112	0.999741435906	0.999676133751	0.999572493149	0.999400050902	0.999171234129	0.998681370015	0.997390876424
82-83	0.999593834785	0.999801321598	0.999816012257	0.999804275239	0.999765789639	0.99969565999	0.999607219281	0.99943415015	0.999233263313	0.998778936808	0.997551818804
83-84	0.999619546161	0.999813536456	0.999831221347	0.999819876488	0.999778743752	0.99971989946	0.999630213613	0.999476156471	0.999291095034	0.998852851045	0.997684905771
84-85	0.999646002794	0.999824504899	0.999841571978	0.99982838626	0.999793770523	0.999736059107	0.999656492848	0.999511738296	0.999332136901	0.998921837666	0.997830372922
85-86	0.999669851027	0.999835473343	0.999852556321	0.999840441771	0.999806724635	0.999754912028	0.999682302812	0.99954484916	0.999375977076	0.998996737426	0.997938699524
86-87	0.999689227716	0.99984756356	0.99986142829	0.999852851855	0.999822269571	0.999766358444	0.999698727334	0.999574500681	0.999414687018	0.999064738523	0.998034645942
87-88	0.999708604405	0.999858033438	0.999871990158	0.999861716201	0.999835741848	0.999780498135	0.999718906033	0.999603163817	0.999455728885	0.999118942297	0.998164637864
88-89	0.999726863208	0.999867880109	0.999880862127	0.999869516826	0.999844032481	0.999791271232	0.99974330818	0.999627873418	0.9994860439	0.999168218455	0.998266774374
89-90	0.999747357783	0.999877103573	0.999888889147	0.999878026598	0.999857504758	0.999805410923	0.999767241056	0.999651100442	0.999525220227	0.999222422229	0.998384386113
90-91	0.999760772414	0.999885454547	0.999895648743	0.999884408927	0.999870458871	0.999817530658	0.999782257762	0.999677786811	0.999565795709	0.999263814201	0.998508187944
91-92	0.999775304931	0.999892434466	0.999902830813	0.999893273273	0.999880822161	0.999830323711	0.999801028644	0.999704473179	0.999592379645	0.999313583121	0.998585564088
92-93	0.999786856419	0.999900411516	0.999908956697	0.999901073898	0.999886003806	0.999841770128	0.999817453167	0.999722758283	0.999614766117	0.999357438901	0.99867841546
93-94	0.999799898421	0.999907142152	0.999914660105	0.999907810801	0.999894812603	0.999852543225	0.999826369336	0.99974153758	0.999640883669	0.999399323635	0.998792932154
94-95	0.999810704652	0.999912127808	0.999922687125	0.999914547704	0.999899476084	0.999863989642	0.999835754777	0.999756857532	0.999664669296	0.999437266277	0.998873403343
95-96	0.999824119283	0.999918983086	0.999928179297	0.999920220885	0.999905694058	0.999872069465	0.999845609491	0.999772177484	0.999687988538	0.999472745111	0.998922924075
96-97	0.999833434999	0.999923594818	0.999934727655	0.999926957788	0.999913466526	0.999878129332	0.999854994932	0.999784532284	0.999703379238	0.999501325282	0.998987920036
97-98	0.999843123343	0.999928580474	0.999940008589	0.999932276396	0.999918130006	0.999887555793	0.999862972557	0.999795898701	0.999722967402	0.99953483307	0.999062201135
98-99	0.999850948545	0.999933316847	0.999945289523	0.999936531282	0.999925902474	0.999897655572	0.99987048091	0.999810230269	0.999739757256	0.999563906003	0.99910243673
99-100	0.999861382147	0.999938427145	0.999947824371	0.999940431594	0.999931602284	0.999902368802	0.999878458535	0.999823573453	0.999757946265	0.999591993413	0.999142672324
100-101	0.999866971576	0.999940919973	0.999952471593	0.999943622759	0.999933156777	0.999907082032	0.999886905432	0.999833457293	0.999768673116	0.9996190953	0.999201478194
101-102	0.999873678892	0.999944285291	0.999955217679	0.999948232219	0.999938856587	0.9999131419	0.999893005969	0.999843341133	0.999779866353	0.999643240617	0.999235523697
102-103	0.999878895693	0.999948273816	0.999957963765	0.999952132531	0.999942483739	0.999917181812	0.999899106506	0.999851248205	0.999789660435	0.999660487272	0.999266474155
103-104	0.999885603008	0.999951389851	0.999960076138	0.999955323696	0.999948183548	0.99992256836	0.999904268499	0.999865579774	0.99980458475	0.999679704974	0.999322184979
104-105	0.999893800838	0.999955004452	0.999962399749	0.999957451139	0.999952847029	0.999924588316	0.999910838308	0.999870521694	0.999818576295	0.99970040096	0.999362420573
105-106	0.99989864501	0.999958494412	0.999964512123	0.999962769746	0.99995751051	0.999929974865	0.999916469572	0.999878428766	0.999831168686	0.999721589708	0.999399561123
106-107	0.999904979697	0.99996098724	0.999966413259	0.999964542616	0.999959065003	0.999931994821	0.999921162293	0.99988683003	0.999841429152	0.999741300171	0.999436701672
107-108	0.999913177527	0.999963480068	0.999968103158	0.999965606337	0.999963210319	0.999934688095	0.999925385742	0.999897208062	0.999850290464	0.99975953235	0.999467652129
108-109	0.9999180217	0.999966471462	0.999969159345	0.999968797502	0.999966319306	0.999938054688	0.999931017006	0.99990412675	0.999860550931	0.99977530072	0.999514077816
109-110	0.999921375357	0.999969213573	0.999970849244	0.999971634093	0.999972019116	0.999939401325	0.999936178999	0.999911045438	0.999868479473	0.999789098044	0.999548123319
110-111	0.999926964787	0.999970709269	0.99997275038	0.999971988666	0.999974091774	0.999940747963	0.999940402448	0.999917469935	0.999875475246	0.999800924322	0.999575978731
111-112	0.999930318445	0.999972828173	0.999974229042	0.999974470683	0.999975646268	0.999944787874	0.999942748808	0.999923400239	0.999882004634	0.999818170977	0.999606929188
112-113	0.99993441736	0.999973825305	0.999975073991	0.999975888979	0.999976682597	0.999950174423	0.999947910801	0.999929330543	0.999888534022	0.999824576878	0.999631689555
113-114	0.999936280503	0.999975445643	0.999976341415	0.999976598126	0.999978755255	0.999952867698	0.999952134249	0.999933778271	0.999894597025	0.999835910394	0.999640974692
114-115	0.999939634161	0.999977315264	0.999978031314	0.999977307274	0.999980309748	0.999955560972	0.999955419154	0.999938225999	0.999901592798	0.999841823533	0.999662640012
115-116	0.999942987818	0.999978187754	0.999979509976	0.999978725569	0.999980309748	0.999958927565	0.999958234786	0.999945638879	0.999906723031	0.999851678765	0.999684305332
116-117	0.999946714105	0.999979309526	0.999980566163	0.999979789291	0.999981864242	0.999962294158	0.999961050419	0.999948604031	0.999910920494	0.999864983327	0.999699780561
117-118	0.999950440391	0.999980805223	0.999981833587	0.999980498439	0.999983418735	0.999965660751	0.999964804595	0.999954040143	0.999914185188	0.999872867513	0.99971525579
118-119	0.99995342142	0.999982051637	0.999982678536	0.999982625882	0.999986009558	0.9999710473	0.999966681683	0.999956511103	0.999920714576	0.99988124446	0.99973692111
119-120	0.999956029821	0.999983547334	0.99998394596	0.999983335029	0.999986009558	0.999971720619	0.999969497316	0.999959476255	0.999925378425	0.999886664837	0.999746206248
120-121	0.999960501364	0.999985167673	0.999984579673	0.999984044177	0.999986527723	0.999974413893	0.999971374404	0.999963923983	0.999934239737	0.999893070737	0.999755491385
121-122	0.999963482393	0.999985666238	0.999985424622	0.999984753325	0.999987045887	0.999976433849	0.99997278222	0.999966394943	0.999938903585	0.999900462161	0.999767871568
122-123	0.999963855022	0.999986414087	0.999985635859	0.999985462472	0.999987564052	0.999977107167	0.999975597853	0.999967877519	0.999942168279	0.999907360823	0.999770966614
123-124	0.999965718165	0.999987411218	0.999986269571	0.999985817046	0.99998963671	0.999979800442	0.999976536397	0.999970842672	0.999944500203	0.999912288439	0.999783346797
124-125	0.999967581309	0.999988034425	0.999987114521	0.999986880768	0.999991709368	0.999983167035	0.999977005669	0.999974302016	0.999948697667	0.999917708816	0.99979572698
125-126	0.999970562338	0.999988782273	0.99998795947	0.999987235342	0.999992745697	0.999983167035	0.999979821301	0.999975784592	0.999951029591	0.999921158147	0.999805012117
126-127	0.999972425481	0.99998940548	0.999989226894	0.999989362785	0.999993263861	0.999983167035	0.999981229117	0.999976772976	0.999951962361	0.999923621955	0.999829772483
127-128	0.999974288624	0.999990402612	0.999989649369	0.999990426506	0.999993263861	0.999984513672	0.999982167662	0.999977267168	0.99995476067	0.999929535094	0.99983905762
128-129	0.999974661253	0.999990901177	0.999990494319	0.999991490228	0.999993782026	0.999985186991	0.999983575478	0.999978255552	0.999956626209	0.999932984425	0.999851437804
129-130	0.999975033881	0.999991649026	0.999990916793	0.999992199375	0.99999430019	0.999985186991	0.999984983294	0.999979738128	0.999960823673	0.999937419279	0.999860722941
130-131	0.999975779139	0.999992396874	0.999990916793	0.999992199375	0.999994818355	0.999985186991	0.99998639111	0.999981714896	0.999961290058	0.999940375849	0.999870008078
131-132	0.999976897024	0.999992770798	0.999991550505	0.999993263097	0.999994818355	0.999985860309	0.999987798926	0.999983197472	0.999963155597	0.99994382518	0.99987619817
132-133	0.99997801491	0.999993394005	0.99999197298	0.999993617671	0.999995336519	0.999985860309	0.99998873747	0.999984680048	0.999965487521	0.999950231081	0.999885483307
133-134	0.999978387539	0.99999376793	0.999992184218	0.999993617671	0.999995336519	0.999986533628	0.99998873747	0.999985668432	0.999967819446	0.999955651458	0.999888578353
134-135	0.999979505425	0.999994141854	0.999992395455	0.999994326819	0.999995336519	0.999986533628	0.99998873747	0.999986162624	0.9999692186	0.999959100789	0.999894768444
135-136	0.999980995939	0.999994266495	0.999992606692	0.999995035966	0.999995336519	0.999987880265	0.99998873747	0.999986656816	0.999969684985	0.999960579074	0.99989786349
136-137	0.999981741197	0.99999464042	0.99999281793	0.99999539054	0.999995854684	0.999989900221	0.999989676015	0.999987151008	0.99997015137	0.99996255012	0.999904053581
137-138	0.999983231711	0.999994889702	0.999993662879	0.999995745114	0.999995854684	0.999991246858	0.999990145287	0.9999876452	0.999971550524	0.999965999451	0.999910243673
138-139	0.999984722226	0.999995263627	0.999994296591	0.999996099688	0.999995854684	0.999991920177	0.999990145287	0.999988633584	0.999974348833	0.999967970497	0.999910243673
139-140	0.999985467483	0.999995388268	0.999994719066	0.999996099688	0.999996372848	0.999991920177	0.999992022375	0.999989127776	0.999975281603	0.999969448782	0.99991952881
140-141	0.999986585369	0.999995762192	0.999995564015	0.999996099688	0.999996891013	0.999991920177	0.999992022375	0.999989621968	0.999977147143	0.99997191259	0.999925718902
141-142	0.999987703255	0.999996260758	0.99999598649	0.999996099688	0.999996891013	0.999993266814	0.999992960919	0.99999011616	0.999978546297	0.999974869159	0.999928813948
142-143	0.999988075884	0.999996385399	0.99999598649	0.999996454262	0.999996891013	0.999993266814	0.999993430191	0.999990610352	0.999979945452	0.999976840206	0.999938099085
143-144	0.999988821141	0.999996510041	0.999996197727	0.999996454262	0.999996891013	0.999993266814	0.999993430191	0.999990610352	0.999980878221	0.999977825729	0.999938099085
144-145	0.99998919377	0.999996759323	0.999996620202	0.999996454262	0.999996891013	0.999993940133	0.999993899463	0.999990610352	0.999981344606	0.999978811252	0.999950479268
145-146	0.999990311655	0.999996883965	0.999997042677	0.999996454262	0.999997409177	0.999993940133	0.999994838007	0.999991598736	0.999982277376	0.999979304014	0.999953574314
146-147	0.999991056913	0.999997257889	0.999997253914	0.999996454262	0.999997409177	0.999994613451	0.999995307279	0.999992092928	0.999982277376	0.999979796775	0.999962859451
147-148	0.99999180217	0.99999738253	0.999997253914	0.999996454262	0.999997927342	0.999994613451	0.999996245823	0.999992092928	0.99998367653	0.999980289537	0.999965954497
148-149	0.999992547427	0.99999738253	0.999997465152	0.999996808835	0.999997927342	0.999996633407	0.999996245823	0.999993081312	0.9999846093	0.999981767822	0.999969049542
149-150	0.999992547427	0.99999738253	0.999997676389	0.999996808835	0.999997927342	0.999996633407	0.999996245823	0.999993081312	0.999985075685	0.999983738868	0.999969049542
150-151	0.999992547427	0.999997881096	0.999997887626	0.999996808835	0.999998445506	0.999996633407	0.999996715096	0.999993575504	0.999985075685	0.999984724391	0.999972144588
151-152	0.999993292685	0.999997881096	0.999998098864	0.999996808835	0.999998445506	0.999996633407	0.999996715096	0.999993575504	0.999986941224	0.999984724391	0.999972144588
152-153	0.999993292685	0.999998130379	0.999998098864	0.999996808835	0.999998445506	0.999996633407	0.999996715096	0.999993575504	0.999987407609	0.999985217153	0.999972144588
153-154	0.999993665313	0.99999825502	0.999998098864	0.999996808835	0.999998445506	0.999997306726	0.999996715096	0.999993575504	0.999988340379	0.999985217153	0.999972144588
154-155	0.999993665313	0.999998379662	0.999998310101	0.999996808835	0.999998445506	0.999998653363	0.999997184368	0.999994069696	0.999988340379	0.999986202676	0.999975239634
155-156	0.999994037942	0.999998753586	0.999998310101	0.999996808835	0.999998445506	0.999998653363	0.99999765364	0.999994563888	0.999988806764	0.999988173722	0.999975239634
156-157	0.99999441057	0.999999002869	0.999998310101	0.999996808835	0.999998445506	0.999999326681	0.999998122912	0.99999505808	0.999989739533	0.999989652007	0.999975239634
157-158	0.99999441057	0.999999002869	0.999998521338	0.999996808835	0.999998445506	0.999999326681	0.999998122912	0.99999505808	0.999990672303	0.99999063753	0.999975239634
158-159	0.99999441057	0.999999002869	0.999998521338	0.999996808835	0.999998445506	0.999999326681	0.999998122912	0.999995552272	0.999991605073	0.99999063753	0.999975239634
159-160	0.999995528456	0.99999912751	0.999998732576	0.999997517983	0.999998963671	0.999999326681	0.999998592184	0.999996046464	0.999992071458	0.999991623053	0.99997833468
160-161	0.999995901085	0.99999912751	0.999998943813	0.999997517983	0.999998963671	0.999999326681	0.999998592184	0.999996046464	0.999992071458	0.999991623053	0.999981429725
161-162	0.999995901085	0.999999252152	0.999998943813	0.999997517983	0.999998963671	0.999999326681	0.999998592184	0.999996046464	0.999992071458	0.999991623053	0.999981429725
162-163	0.999995901085	0.999999376793	0.999998943813	0.999997872557	0.999998963671	1.0	0.999998592184	0.999996046464	0.999992071458	0.999992115815	0.999981429725
163-164	0.999996273714	0.999999376793	0.999998943813	0.999997872557	0.999999481835	1.0	0.999998592184	0.999996046464	0.999993004227	0.999993101338	0.999987619817
164-165	0.999996646342	0.999999376793	0.999998943813	0.999998227131	1.0	1.0	0.999998592184	0.999996540656	0.999994403382	0.999993101338	0.999990714863
165-166	0.999997018971	0.999999501434	0.999998943813	0.999998227131	1.0	1.0	0.999998592184	0.999996540656	0.999994403382	0.999993101338	0.999990714863
166-167	0.999997018971	0.999999501434	0.999998943813	0.999998227131	1.0	1.0	0.999998592184	0.999996540656	0.999994403382	0.999993594099	0.999990714863
167-168	0.999997018971	0.999999501434	0.999999155051	0.999998227131	1.0	1.0	0.999999061456	0.999997034848	0.999994403382	0.999993594099	0.999990714863
168-169	0.9999973916	0.999999501434	0.999999366288	0.999998227131	1.0	1.0	0.999999530728	0.999997034848	0.999994403382	0.999994086861	0.999990714863
169-170	0.999997764228	0.999999626076	0.999999366288	0.999998227131	1.0	1.0	0.999999530728	0.999997034848	0.999995336152	0.999994086861	0.999993809908
170-171	0.999998136857	0.999999626076	0.999999366288	0.999998227131	1.0	1.0	0.999999530728	0.999997034848	0.999995336152	0.999995072384	0.999993809908
171-172	0.999998136857	0.999999750717	0.999999366288	0.999998227131	1.0	1.0	0.999999530728	0.999997034848	0.999995336152	0.999995072384	0.999993809908
172-173	0.999998136857	0.999999750717	0.999999366288	0.999998227131	1.0	1.0	0.999999530728	0.99999752904	0.999995336152	0.999995565146	0.999993809908
173-174	0.999998882114	0.999999750717	0.999999366288	0.999998581705	1.0	1.0	0.999999530728	0.99999752904	0.999995336152	0.999996057907	0.999993809908
174-175	0.999998882114	0.999999750717	0.999999366288	0.999998581705	1.0	1.0	0.999999530728	0.99999752904	0.999995336152	0.999996057907	0.999993809908
175-176	0.999999254743	0.999999750717	0.999999366288	0.999998581705	1.0	1.0	0.999999530728	0.999998023232	0.999995336152	0.999996057907	0.999993809908
176-177	0.999999254743	0.999999750717	0.999999366288	0.999998936278	1.0	1.0	0.999999530728	0.999998023232	0.999995802536	0.999996550669	0.999993809908
177-178	0.999999254743	0.999999875359	0.999999366288	0.999998936278	1.0	1.0	0.999999530728	0.999998023232	0.999996268921	0.999996550669	0.999993809908
178-179	0.999999254743	0.999999875359	0.999999366288	0.999998936278	1.0	1.0	0.999999530728	0.999998517424	0.999997201691	0.999997043431	0.999993809908
179-180	0.999999254743	0.999999875359	0.999999366288	0.999998936278	1.0	1.0	0.999999530728	0.999998517424	0.999997201691	0.999997043431	0.999993809908
180-181	0.999999254743	0.999999875359	0.999999366288	0.999998936278	1.0	1.0	0.999999530728	0.999998517424	0.999997201691	0.999997536192	0.999993809908
181-182	0.999999254743	0.999999875359	0.999999366288	0.999998936278	1.0	1.0	0.999999530728	0.999998517424	0.999997201691	0.999998028954	0.999993809908
182-183	0.999999627371	0.999999875359	0.999999366288	0.999999290852	1.0	1.0	0.999999530728	0.999999011616	0.999997201691	0.999998028954	0.999993809908
183-184	0.999999627371	0.999999875359	0.999999366288	0.999999645426	1.0	1.0	0.999999530728	0.999999011616	0.999997668076	0.999998028954	0.999993809908
184-185	0.999999627371	0.999999875359	0.999999366288	0.999999645426	1.0	1.0	0.999999530728	0.999999011616	0.999997668076	0.999998028954	0.999993809908
185-186	0.999999627371	0.999999875359	0.999999366288	0.999999645426	1.0	1.0	0.999999530728	0.999999011616	0.999998134461	0.999998028954	0.999993809908
186-187	0.999999627371	1.0	0.999999366288	0.999999645426	1.0	1.0	0.999999530728	0.999999505808	0.999998134461	0.999998028954	0.999993809908
187-188	0.999999627371	1.0	0.999999366288	0.999999645426	1.0	1.0	0.999999530728	0.999999505808	0.999998600845	0.999998028954	0.999996904954
188-189	0.999999627371	1.0	0.999999577525	0.999999645426	1.0	1.0	0.999999530728	0.999999505808	0.999998600845	0.999998521715	0.999996904954
189-190	0.999999627371	1.0	0.999999577525	0.999999645426	1.0	1.0	0.999999530728	0.999999505808	0.999998600845	0.999998521715	0.999996904954
190-191	0.999999627371	1.0	0.999999577525	0.999999645426	1.0	1.0	0.999999530728	0.999999505808	0.999998600845	0.999999014477	1.0
191-192	0.999999627371	1.0	0.999999577525	0.999999645426	1.0	1.0	0.999999530728	0.999999505808	0.999998600845	0.999999014477	1.0
192-193	0.999999627371	1.0	0.999999577525	0.999999645426	1.0	1.0	0.999999530728	0.999999505808	0.999998600845	0.999999014477	1.0
193-194	0.999999627371	1.0	0.999999577525	0.999999645426	1.0	1.0	0.999999530728	0.999999505808	0.999998600845	0.999999014477	1.0
194-195	0.999999627371	1.0	0.999999577525	0.999999645426	1.0	1.0	0.999999530728	0.999999505808	0.99999906723	0.999999014477	1.0
195-196	0.999999627371	1.0	0.999999577525	0.999999645426	1.0	1.0	0.999999530728	0.999999505808	0.99999906723	0.999999014477	1.0
196-197	0.999999627371	1.0	0.999999577525	0.999999645426	1.0	1.0	0.999999530728	0.999999505808	0.99999906723	0.999999014477	1.0
197-198	0.999999627371	1.0	0.999999577525	0.999999645426	1.0	1.0	0.999999530728	0.999999505808	0.99999906723	0.999999014477	1.0
198-199	0.999999627371	1.0	0.999999577525	0.999999645426	1.0	1.0	0.999999530728	0.999999505808	0.999999533615	0.999999014477	1.0
199-200	0.999999627371	1.0	0.999999577525	0.999999645426	1.0	1.0	0.999999530728	0.999999505808	0.999999533615	0.999999014477	1.0
200-201	0.999999627371	1.0	0.999999577525	0.999999645426	1.0	1.0	0.999999530728	0.999999505808	0.999999533615	0.999999014477	1.0
201-202	0.999999627371	1.0	0.999999577525	0.999999645426	1.0	1.0	0.999999530728	0.999999505808	0.999999533615	0.999999014477	1.0
202-203	0.999999627371	1.0	0.999999577525	0.999999645426	1.0	1.0	0.999999530728	0.999999505808	0.999999533615	0.999999014477	1.0
203-204	0.999999627371	1.0	0.999999577525	0.999999645426	1.0	1.0	0.999999530728	0.999999505808	0.999999533615	0.999999014477	1.0
204-205	0.999999627371	1.0	0.999999788763	0.999999645426	1.0	1.0	0.999999530728	0.999999505808	0.999999533615	0.999999014477	1.0
205-206	0.999999627371	1.0	0.999999788763	0.999999645426	1.0	1.0	0.999999530728	0.999999505808	0.999999533615	0.999999507238	1.0
206-207	0.999999627371	1.0	0.999999788763	0.999999645426	1.0	1.0	0.999999530728	0.999999505808	0.999999533615	0.999999507238	1.0
207-208	0.999999627371	1.0	0.999999788763	1.0	1.0	1.0	0.999999530728	0.999999505808	0.999999533615	0.999999507238	1.0
208-209	0.999999627371	1.0	1.0	1.0	1.0	1.0	0.999999530728	0.999999505808	0.999999533615	0.999999507238	1.0
209-210	1.0	1.0	1.0	1.0	1.0	1.0	0.999999530728	0.999999505808	0.999999533615	1.0	1.0
210-211	1.0	1.0	1.0	1.0	1.0	1.0	0.999999530728	0.999999505808	0.999999533615	1.0	1.0
211-212	1.0	1.0	1.0	1.0	1.0	1.0	0.999999530728	0.999999505808	0.999999533615	1.0	1.0
212-213	1.0	1.0	1.0	1.0	1.0	1.0	0.999999530728	0.999999505808	1.0	1.0	1.0
213-214	1.0	1.0	1.0	1.0	1.0	1.0	0.999999530728	0.999999505808	1.0	1.0	1.0
214-215	1.0	1.0	1.0	1.0	1.0	1.0	0.999999530728	0.999999505808	1.0	1.0	1.0
215-216	1.0	1.0	1.0	1.0	1.0	1.0	0.999999530728	0.999999505808	1.0	1.0	1.0
216-217	1.0	1.0	1.0	1.0	1.0	1.0	0.999999530728	0.999999505808	1.0	1.0	1.0
217-218	1.0	1.0	1.0	1.0	1.0	1.0	0.999999530728	0.999999505808	1.0	1.0	1.0
218-219	1.0	1.0	1.0	1.0	1.0	1.0	0.999999530728	0.999999505808	1.0	1.0	1.0
219-220	1.0	1.0	1.0	1.0	1.0	1.0	0.999999530728	0.999999505808	1.0	1.0	1.0
220-221	1.0	1.0	1.0	1.0	1.0	1.0	0.999999530728	0.999999505808	1.0	1.0	1.0
221-222	1.0	1.0	1.0	1.0	1.0	1.0	0.999999530728	0.999999505808	1.0	1.0	1.0
222-223	1.0	1.0	1.0	1.0	1.0	1.0	0.999999530728	0.999999505808	1.0	1.0	1.0
223-224	1.0	1.0	1.0	1.0	1.0	1.0	0.999999530728	0.999999505808	1.0	1.0	1.0
224-225	1.0	1.0	1.0	1.0	1.0	1.0	0.999999530728	0.999999505808	1.0	1.0	1.0
225-226	1.0	1.0	1.0	1.0	1.0	1.0	0.999999530728	0.999999505808	1.0	1.0	1.0
226-227	1.0	1.0	1.0	1.0	1.0	1.0	1.0	0.999999505808	1.0	1.0	1.0
227-228	1.0	1.0	1.0	1.0	1.0	1.0	1.0	0.999999505808	1.0	1.0	1.0
228-229	1.0	1.0	1.0	1.0	1.0	1.0	1.0	0.999999505808	1.0	1.0	1.0
229-230	1.0	1.0	1.0	1.0	1.0	1.0	1.0	0.999999505808	1.0	1.0	1.0
230-231	1.0	1.0	1.0	1.0	1.0	1.0	1.0	0.999999505808	1.0	1.0	1.0
231-232	1.0	1.0	1.0	1.0	1.0	1.0	1.0	0.999999505808	1.0	1.0	1.0
232-233	1.0	1.0	1.0	1.0	1.0	1.0	1.0	0.999999505808	1.0	1.0	1.0
233-234	1.0	1.0	1.0	1.0	1.0	1.0	1.0	0.999999505808	1.0	1.0	1.0
234-235	1.0	1.0	1.0	1.0	1.0	1.0	1.0	0.999999505808	1.0	1.0	1.0
235-236	1.0	1.0	1.0	1.0	1.0	1.0	1.0	0.999999505808	1.0	1.0	1.0
236-237	1.0	1.0	1.0	1.0	1.0	1.0	1.0	0.999999505808	1.0	1.0	1.0
237-238	1.0	1.0	1.0	1.0	1.0	1.0	1.0	0.999999505808	1.0	1.0	1.0
238-239	1.0	1.0	1.0	1.0	1.0	1.0	1.0	0.999999505808	1.0	1.0	1.0
239-240	1.0	1.0	1.0	1.0	1.0	1.0	1.0	0.999999505808	1.0	1.0	1.0
240-241	1.0	1.0	1.0	1.0	1.0	1.0	1.0	0.999999505808	1.0	1.0	1.0
241-242	1.0	1.0	1.0	1.0	1.0	1.0	1.0	0.999999505808	1.0	1.0	1.0
242-243	1.0	1.0	1.0	1.0	1.0	1.0	1.0	0.999999505808	1.0	1.0	1.0
243-244	1.0	1.0	1.0	1.0	1.0	1.0	1.0	0.999999505808	1.0	1.0	1.0
244-245	1.0	1.0	1.0	1.0	1.0	1.0	1.0	0.999999505808	1.0	1.0	1.0
245-246	1.0	1.0	1.0	1.0	1.0	1.0	1.0	0.999999505808	1.0	1.0	1.0
246-247	1.0	1.0	1.0	1.0	1.0	1.0	1.0	0.999999505808	1.0	1.0	1.0
247-248	1.0	1.0	1.0	1.0	1.0	1.0	1.0	0.999999505808	1.0	1.0	1.0
248-249	1.0	1.0	1.0	1.0	1.0	1.0	1.0	0.999999505808	1.0	1.0	1.0
249-250	1.0	1.0	1.0	1.0	1.0	1.0	1.0	0.999999505808	1.0	1.0	1.0
250-251	1.0	1.0	1.0	1.0	1.0	1.0	1.0	0.999999505808	1.0	1.0	1.0
251-252	1.0	1.0	1.0	1.0	1.0	1.0	1.0	0.999999505808	1.0	1.0	1.0
252-253	1.0	1.0	1.0	1.0	1.0	1.0	1.0	0.999999505808	1.0	1.0	1.0
253-254	1.0	1.0	1.0	1.0	1.0	1.0	1.0	0.999999505808	1.0	1.0	1.0
254-255	1.0	1.0	1.0	1.0	1.0	1.0	1.0	0.999999505808	1.0	1.0	1.0
255-256	1.0	1.0	1.0	1.0	1.0	1.0	1.0	0.999999505808	1.0	1.0	1.0
256-257	1.0	1.0	1.0	1.0	1.0	1.0	1.0	0.999999505808	1.0	1.0	1.0
257-258	1.0	1.0	1.0	1.0	1.0	1.0	1.0	0.999999505808	1.0	1.0	1.0
258-259	1.0	1.0	1.0	1.0	1.0	1.0	1.0	0.999999505808	1.0	1.0	1.0
259-260	1.0	1.0	1.0	1.0	1.0	1.0	1.0	0.999999505808	1.0	1.0	1.0
260-261	1.0	1.0	1.0	1.0	1.0	1.0	1.0	0.999999505808	1.0	1.0	1.0
261-262	1.0	1.0	1.0	1.0	1.0	1.0	1.0	0.999999505808	1.0	1.0	1.0
262-263	1.0	1.0	1.0	1.0	1.0	1.0	1.0	0.999999505808	1.0	1.0	1.0
263-264	1.0	1.0	1.0	1.0	1.0	1.0	1.0	0.999999505808	1.0	1.0	1.0
264-265	1.0	1.0	1.0	1.0	1.0	1.0	1.0	0.999999505808	1.0	1.0	1.0
265-266	1.0	1.0	1.0	1.0	1.0	1.0	1.0	0.999999505808	1.0	1.0	1.0
266-267	1.0	1.0	1.0	1.0	1.0	1.0	1.0	0.999999505808	1.0	1.0	1.0
267-268	1.0	1.0	1.0	1.0	1.0	1.0	1.0	0.999999505808	1.0	1.0	1.0
268-269	1.0	1.0	1.0	1.0	1.0	1.0	1.0	0.999999505808	1.0	1.0	1.0
269-270	1.0	1.0	1.0	1.0	1.0	1.0	1.0	0.999999505808	1.0	1.0	1.0
270-271	1.0	1.0	1.0	1.0	1.0	1.0	1.0	0.999999505808	1.0	1.0	1.0
271-272	1.0	1.0	1.0	1.0	1.0	1.0	1.0	0.999999505808	1.0	1.0	1.0
272-273	1.0	1.0	1.0	1.0	1.0	1.0	1.0	1.0	1.0	1.0	1.0
