bins	0-1	1-2	2-3	3-4	4-6	6-8	8-11	11-14	14-18	18-24	24-34	34-73	73-334
0-1	0.0	0.0766633582237	0.0972129338507	0.102217337455	0.0965965064434	0.089776395249	0.0861367337781	0.0838560501471	0.0821434248406	0.0810873217766	0.0808492541293	0.0803377252589	0.0819411169675
1-2	0.192415079368	0.325877702783	0.348693728503	0.34159167661	0.306134738762	0.271973609819	0.254528624277	0.244963508752	0.239356760607	0.235333461738	0.23301328605	0.229956025701	0.22764734068
2-3	0.322852280185	0.459408830541	0.481708177453	0.466239275995	0.413949764835	0.365346106457	0.340308934737	0.326714028054	0.318487098123	0.313384040084	0.309248593933	0.304466289398	0.299600702763
3-4	0.402533158072	0.533349676022	0.554167182366	0.535627478725	0.476716368124	0.421912342072	0.392648074584	0.376474820707	0.367596653695	0.360946735709	0.356047914836	0.350176662302	0.344151626471
4-5	0.457883130078	0.58180808219	0.601634429806	0.582339856644	0.52193513237	0.464974895991	0.433721506734	0.416420248048	0.40700875432	0.399478019828	0.393806668789	0.386967226515	0.379843475483
5-6	0.5035067651	0.620002088574	0.638784217754	0.620093361577	0.560657349033	0.503957626145	0.471940256484	0.454294493501	0.444384460052	0.436542275454	0.43021701636	0.422209415421	0.414438588085
6-7	0.542784758967	0.652130575262	0.669714061456	0.651664284548	0.594943126855	0.539500803013	0.507624963569	0.490366322595	0.480270695106	0.472033485772	0.465145635765	0.456323211373	0.447846456903
7-8	0.577551604973	0.679786494001	0.696248237521	0.679302029232	0.6255329842	0.572107858264	0.541042121514	0.523953577082	0.514155269959	0.505474852645	0.498301694255	0.488878173743	0.479343022946
8-9	0.608790828831	0.704247116194	0.719753046615	0.703692026001	0.653069148404	0.602219153829	0.572169130162	0.555558233837	0.545661401515	0.537118929219	0.529647501707	0.51980439721	0.508316030453
9-10	0.636790721302	0.725972333215	0.740706225942	0.725667519779	0.678110232718	0.629713055211	0.601222103519	0.58490791165	0.575207672246	0.566586608245	0.559139742605	0.549027022534	0.536825853165
10-11	0.662462040172	0.745565326585	0.759481506058	0.745433543651	0.700713165883	0.654993321365	0.628114878484	0.6122056912	0.602791727256	0.594168187074	0.586814981993	0.576219090978	0.564057924719
11-12	0.685737115906	0.763479909819	0.776630122197	0.763591488266	0.721547305336	0.678701349017	0.653129957027	0.637654653169	0.628588417452	0.619907515593	0.612491519722	0.601798933586	0.589495820689
12-13	0.70697561672	0.779701348714	0.792093830638	0.780018572183	0.740524144679	0.700270636757	0.675974478772	0.660984224187	0.652421125757	0.643964451618	0.636645826466	0.625914067097	0.612740243838
13-14	0.726648911911	0.794688429579	0.806219320206	0.795108172833	0.758241880427	0.720383689264	0.697486062059	0.68304288377	0.674764952107	0.666247965004	0.659340906611	0.648472018332	0.634882606612
14-15	0.744855261353	0.808529005111	0.81928186183	0.808835853134	0.774415868886	0.739064720815	0.717405275913	0.703846902477	0.695418553035	0.687214871661	0.680382684144	0.669562508291	0.656029388277
15-16	0.761488525842	0.821196737921	0.83131404426	0.821628367996	0.78930228938	0.756222505535	0.735673736592	0.722856338799	0.714617417976	0.706720300444	0.69997817348	0.689132695158	0.675328754725
16-17	0.776957967022	0.833009702658	0.842405313214	0.833414790276	0.803304090641	0.772103128034	0.752651634109	0.740452646949	0.732597036365	0.724955747693	0.718397955958	0.707581644735	0.693936005963
17-18	0.791218162874	0.843914303653	0.852725546217	0.844593265617	0.816263384369	0.786886224443	0.768748596318	0.757032346474	0.749259680088	0.742107714194	0.735594778286	0.725038709383	0.711292125858
18-19	0.804476293415	0.854008707547	0.86236869594	0.85480975433	0.828308704982	0.800648379446	0.783595487314	0.772328479685	0.764948574995	0.757901999388	0.751476946582	0.741425727249	0.727519565565
19-20	0.816972446448	0.863498088145	0.871282759061	0.864308031217	0.839515660963	0.813507848804	0.79742113369	0.786880988093	0.779517717636	0.772716600402	0.766635126971	0.756828566286	0.743097481765
20-21	0.828670006266	0.872205450809	0.879680949206	0.873132798261	0.849953634211	0.825486594302	0.810292394247	0.80039941209	0.793357431752	0.786875118298	0.780769486075	0.771355111868	0.75834531225
21-22	0.839386821312	0.880333206681	0.887395122296	0.881392532266	0.85958748902	0.83664599631	0.822352874151	0.812945820847	0.806206324069	0.799947935198	0.794037534863	0.784671249593	0.771958686046
22-23	0.849607702091	0.887933478011	0.894547659486	0.888897100808	0.868498615698	0.847133029848	0.833457555727	0.824717268908	0.818098540554	0.812299171681	0.806565282108	0.79740227429	0.784752169515
23-24	0.859148643087	0.895085092797	0.901246034313	0.896005311787	0.876969434159	0.85677425313	0.843959566435	0.835710140596	0.829211875732	0.823886643047	0.818497300375	0.809482684122	0.79755630091
24-25	0.867986469801	0.901690252752	0.907489900088	0.90257650297	0.884770005671	0.865994823776	0.853738372101	0.846129927042	0.839891910349	0.834723670779	0.829497191242	0.820721477942	0.808992173774
25-26	0.876232883315	0.90789390562	0.913361768751	0.908763257117	0.892143166883	0.874559356508	0.862834935512	0.85572473589	0.849854290912	0.844859100322	0.83973371646	0.831348187388	0.819725283501
26-27	0.883882785241	0.91368389568	0.918801316447	0.914521468275	0.898832293717	0.882440821438	0.871463958163	0.864668722381	0.859170841698	0.854339556872	0.84934132289	0.841322080228	0.830080391844
27-28	0.891099787536	0.919008100682	0.923897642204	0.919952460933	0.90519096701	0.889773241762	0.879563289622	0.873051675898	0.867873942505	0.863349876027	0.858371764134	0.850680035646	0.839977639355
28-29	0.897827807915	0.92406653746	0.928587648656	0.924803519894	0.911209402137	0.896565627443	0.88709667547	0.880857928493	0.876007158879	0.871695231075	0.866872293483	0.859434163225	0.84873555875
29-30	0.904105779535	0.928787008409	0.933031506041	0.92947755901	0.916789752827	0.902975652828	0.894164403904	0.88808808278	0.883536933574	0.879521603285	0.874899164854	0.867639506523	0.857062237129
30-31	0.910013886159	0.933192904081	0.937274977283	0.933963849806	0.921968489053	0.909119884312	0.900725512141	0.894931359333	0.890658722823	0.886898375389	0.882476567431	0.87542101442	0.865330351914
31-32	0.915579010208	0.937403755712	0.941106235511	0.937976299606	0.926849683667	0.914693672528	0.906785179382	0.901344972608	0.897370760454	0.893757829841	0.889461053726	0.882767127767	0.872901027525
32-33	0.920707526706	0.941251777544	0.944772816545	0.941793252743	0.931303912739	0.919948733312	0.912519498521	0.907395210068	0.903626537304	0.900052786383	0.896064701005	0.889592529048	0.879582601288
33-34	0.925601517281	0.944895178102	0.94813500479	0.945395636371	0.93555933598	0.924828191272	0.918017928517	0.913100150111	0.90951082957	0.906031912727	0.902273445789	0.896020515835	0.886471809615
34-35	0.930072805004	0.948273547148	0.951340489684	0.94864934455	0.93942337414	0.929461564625	0.923062001178	0.918333846559	0.914875867631	0.911624160955	0.908106976948	0.90200595241	0.893259862642
35-36	0.934277122506	0.951429061341	0.954301558956	0.951760602416	0.943177112868	0.933884893221	0.927747767175	0.923254786708	0.920011892216	0.916907794789	0.913545605613	0.907726629468	0.899233349305
36-37	0.938233936365	0.954389347317	0.957076803016	0.954684707989	0.946676896049	0.937989494383	0.932042738781	0.927932271087	0.924809400738	0.921883369292	0.918610145731	0.913011361541	0.905079060853
37-38	0.941924706982	0.95715716774	0.959683209617	0.957493184438	0.949949409031	0.941748901348	0.936170092552	0.932298204393	0.929384960467	0.926494823216	0.923381040405	0.918101239416	0.910174093595
38-39	0.945389294494	0.959776172691	0.962124939026	0.9600853033	0.953066257491	0.945317972848	0.939999406746	0.936380909452	0.933652617759	0.930964736365	0.927850414085	0.922823976754	0.914955012511
39-40	0.948746352334	0.962224997573	0.964411698529	0.962597554623	0.955918476267	0.948599288663	0.943639915457	0.940242455432	0.937683608169	0.935153233152	0.932118398744	0.927254432795	0.920034073364
40-41	0.951799360755	0.964502353145	0.966618372913	0.964864243064	0.958626594171	0.951790504851	0.947047360043	0.943817760098	0.941388445711	0.93897760936	0.936210871182	0.931481778105	0.924346483522
41-42	0.954664655738	0.966662387608	0.968627087977	0.966978348745	0.961125232107	0.95467876104	0.950257524087	0.947177931819	0.944811873377	0.942642682814	0.93989831542	0.935412989069	0.928648245754
42-43	0.957327869096	0.968699575636	0.970492620555	0.969001262384	0.963494890868	0.95734176816	0.953279824321	0.950324778434	0.94814287144	0.946019679163	0.943493503235	0.939180170228	0.933258797849
43-44	0.959869184591	0.97059955138	0.972264893839	0.970868017104	0.965702658528	0.959894403236	0.956065764575	0.953291443675	0.951188927287	0.949185196944	0.946856362374	0.94269249971	0.936852472981
44-45	0.96222232316	0.972366550923	0.973957082003	0.972676957261	0.967823698811	0.96231583073	0.958728345636	0.956124328764	0.954039526902	0.952183641106	0.950022895344	0.945985205392	0.940179949955
45-46	0.964438732188	0.974033173694	0.975546303586	0.974365500084	0.969727698278	0.964566068931	0.961192233644	0.958708937177	0.956784156271	0.955005020535	0.952939660924	0.949112780399	0.943565990523
46-47	0.966558735303	0.975578055096	0.97702007779	0.975896095908	0.971494712966	0.966705371965	0.96355630429	0.961171817705	0.95939750028	0.957677643385	0.955674726353	0.951916148844	0.946723100676
47-48	0.968530421628	0.977049081295	0.978420007274	0.977336691743	0.973247495469	0.968728671729	0.965772532239	0.963533459199	0.96187661531	0.960173201502	0.958364226109	0.954635300645	0.949374434329
48-49	0.970372794251	0.978457671299	0.979716276798	0.978693247855	0.974882417692	0.97066299811	0.967805133908	0.965732395105	0.96411435367	0.962413986227	0.960783707066	0.957186569592	0.952345205771
49-50	0.972082608744	0.979740099673	0.98094528869	0.979988413247	0.97639592159	0.972367570441	0.969693659573	0.967773446327	0.966254363914	0.964664207003	0.963107556364	0.959629402728	0.955049779056
50-51	0.973718264842	0.980985692534	0.982069947244	0.981142320379	0.977794233741	0.973976411917	0.971471067796	0.969657818094	0.968248370707	0.966769556633	0.965308772123	0.961993523575	0.957711760635
51-52	0.975238048448	0.982125751652	0.983103079949	0.982263446058	0.979158744454	0.975516552428	0.973199979848	0.971429501175	0.97012404406	0.968817179831	0.967360915004	0.964217283347	0.959889261566
52-53	0.976701749767	0.983176668828	0.984135519276	0.983306492277	0.980422295607	0.977002633162	0.974801766014	0.973101150449	0.971901400573	0.970600593583	0.969244296134	0.966252794149	0.962056114572
53-54	0.978069045174	0.984149494718	0.985077819508	0.984335829889	0.981591558535	0.978380594342	0.976318330752	0.974689639089	0.973551004068	0.972284651263	0.97101629451	0.968166658685	0.964100516424
54-55	0.979335299767	0.985102797786	0.985976783636	0.985291856253	0.982670536042	0.979655504074	0.977742611514	0.976188940961	0.975061668796	0.973957607706	0.972680847904	0.96999465527	0.966187509982
55-56	0.980555205363	0.985973773483	0.986790115624	0.986174571368	0.983704148459	0.980876917151	0.979055303998	0.977536986897	0.976516993506	0.975432407065	0.974278459138	0.971694950799	0.968040249161
56-57	0.981692609745	0.986795942126	0.987579872772	0.986989339472	0.984690616765	0.981989647553	0.980311966925	0.978839234223	0.977882832231	0.976848924928	0.975751749216	0.973309378377	0.969802480967
57-58	0.982718776535	0.987589010714	0.988293358378	0.98777013407	0.985597473787	0.983091115501	0.981538025471	0.980114363951	0.97921805733	0.978247125751	0.977123782243	0.974807664045	0.971570036735
58-59	0.983688861038	0.988325168435	0.988971828413	0.98848596179	0.986446512559	0.98410417319	0.982606824588	0.981274394539	0.98041081132	0.979547635686	0.978449687059	0.976162286025	0.973103338125
59-60	0.984621402854	0.98900809884	0.989611469298	0.989151723291	0.987258191845	0.985036141213	0.983632306737	0.982409717983	0.981570008066	0.980744904116	0.979703024323	0.977557089803	0.974620667625
60-61	0.985519646413	0.989656219686	0.990211587658	0.989830597373	0.988012052881	0.985884203959	0.98458763423	0.983432352741	0.982597330727	0.981801741895	0.980920921619	0.978809330764	0.975967630304
61-62	0.986337242717	0.990288869616	0.990803732175	0.990400398622	0.988742341862	0.98671875176	0.985453502765	0.984379660837	0.983624064665	0.98283027152	0.982038124404	0.980001574246	0.977245381462
62-63	0.987114515393	0.990860188417	0.991348727011	0.990929670076	0.98939702236	0.987485161718	0.986295358634	0.985281772937	0.984578974326	0.983852695464	0.983027630799	0.981127765457	0.978347441836
63-64	0.987878810351	0.991397986902	0.991846918855	0.991458941529	0.990015232885	0.988235241118	0.987096722553	0.986121815867	0.985502092912	0.984793525314	0.984018824811	0.982222031405	0.979497417878
64-65	0.988562458054	0.991921787893	0.992346150766	0.991933974578	0.990600086727	0.988941960072	0.987834052693	0.986943177785	0.986328072107	0.985660531938	0.984934076035	0.983233181578	0.980551562583
65-66	0.989218759849	0.992398991959	0.99279407273	0.992400663258	0.991123564273	0.989608134194	0.988512057419	0.987704880987	0.987101066178	0.986508666458	0.985769446698	0.984211856052	0.981579087473
66-67	0.989844471306	0.99282978328	0.993221886743	0.992849471146	0.99163636768	0.99022869538	0.98918111625	0.988440069204	0.987822841298	0.987281867628	0.986597504351	0.985103561704	0.982595964436
67-68	0.990413636987	0.993244551153	0.993618498761	0.993260729369	0.992130046588	0.990795196789	0.989781903771	0.989116803932	0.988545205141	0.988002337921	0.987345681443	0.985949030765	0.983639461215
68-69	0.99095592025	0.993645874063	0.993997776338	0.993639802167	0.992581473698	0.9913369208	0.990372803724	0.98978811514	0.989248729829	0.98868284376	0.988089358222	0.986735052784	0.984613746473
69-70	0.991443511697	0.994017728564	0.994336144633	0.994031987545	0.993012442043	0.99184260496	0.99095899531	0.990382291847	0.989880430239	0.989307288351	0.988743028733	0.987507313913	0.985385721131
70-71	0.991916271464	0.994361588075	0.994677286439	0.994372318626	0.99344207612	0.992337026667	0.991467969691	0.99093549085	0.990463855315	0.989908420344	0.989388261158	0.988217926256	0.986242879199
71-72	0.992373272573	0.994687766539	0.994988266317	0.994701325205	0.99385036192	0.992796534768	0.99196611483	0.991456148735	0.99103550592	0.990481799244	0.9899806149	0.988896062899	0.987052121599
72-73	0.992806635693	0.995007867145	0.995263883934	0.995028543705	0.994201718981	0.993218876773	0.992428947223	0.991929200169	0.991561236084	0.991017433938	0.99054146645	0.98952961426	0.987749560773
73-74	0.993195503777	0.995304208844	0.995538461485	0.995315828435	0.994550852263	0.993626014465	0.992849875158	0.992378749686	0.992036924743	0.991541412333	0.991067440571	0.990098214222	0.988345844647
74-75	0.993567222731	0.995566661872	0.995795704595	0.99556735158	0.99487107642	0.993996549184	0.993264211379	0.992810220804	0.99249730659	0.992025426274	0.991579351212	0.9906547046	0.98894212852
75-76	0.993921329067	0.995819169311	0.99603665333	0.995826623069	0.995168173277	0.994369336394	0.993663009993	0.993238678855	0.992910001825	0.992504444658	0.99207382314	0.991180370586	0.989474524836
76-77	0.994262921173	0.996061731162	0.996271014977	0.996074570056	0.995446590391	0.994685811336	0.994015195781	0.993643634987	0.993324463231	0.992934617598	0.992510916073	0.991660900854	0.989980301336
77-78	0.99459663395	0.996278692332	0.996491855759	0.996312384594	0.995716557146	0.994998344419	0.994345252248	0.993961212193	0.993704189946	0.993333707075	0.992906381107	0.992117762391	0.990539317468
78-79	0.994905781759	0.996497679455	0.996684614747	0.996519205759	0.995960283309	0.995296236313	0.994676250389	0.994310125289	0.994074497083	0.99371447951	0.99330240868	0.992571871751	0.991034446042
79-80	0.99518758366	0.996697880466	0.996863852871	0.996702781894	0.996182661196	0.995581176386	0.994998773471	0.99464698612	0.994406537187	0.994049181811	0.993643869954	0.993000661073	0.991460363094
80-81	0.995462433211	0.996878742833	0.997044131061	0.99689768253	0.996397478235	0.995829513485	0.995323650735	0.994953113673	0.994705020046	0.994384994236	0.99399095662	0.993382112935	0.991955491668
81-82	0.995708546384	0.997060341911	0.997236890049	0.997066358004	0.996605623937	0.996063772516	0.99558590673	0.9952399576	0.995019987166	0.994701379495	0.994318916955	0.993739896067	0.99239738061
82-83	0.995938900898	0.997232916288	0.997414741417	0.99723145732	0.996808877325	0.996296905303	0.99582932926	0.995519570168	0.995309050448	0.995017764755	0.994650815063	0.994075661775	0.992860565405
83-84	0.996143299974	0.997386520376	0.99755584377	0.997374503659	0.996979663542	0.996507513183	0.996088760235	0.995799182736	0.995574564786	0.995322493715	0.994948398282	0.994424087502	0.993302454347
84-85	0.996331940391	0.997536440912	0.997696599433	0.997516357945	0.997158900119	0.996718121062	0.996303932569	0.996024560107	0.995835369336	0.995573936737	0.995224042474	0.994749394934	0.993691103658
85-86	0.996521044299	0.997673100664	0.997827994499	0.99766834468	0.997326573046	0.996895504704	0.996517221555	0.996249937479	0.996070270048	0.995827600007	0.995495186352	0.995039474488	0.9940318373
86-87	0.996716173575	0.997812154725	0.997953842543	0.997809006913	0.997482682322	0.997073451469	0.996727214686	0.996460249518	0.996280444369	0.996063501297	0.995735390577	0.995320196638	0.994361923015
87-88	0.996871442714	0.997939789776	0.998076917077	0.997944304908	0.997632120262	0.99725702946	0.996914607659	0.996657304065	0.996499449543	0.996308838639	0.995985157967	0.99556183786	0.994665388916
88-89	0.997042470513	0.998057663417	0.99818820419	0.998059934032	0.997772218331	0.997415266931	0.997082696331	0.996856769065	0.996701970458	0.996528643135	0.996214111408	0.995822744329	0.994968854816
89-90	0.997208399921	0.998169090842	0.998294290971	0.998176755208	0.997889633855	0.997560552581	0.997244664126	0.997056836678	0.996895071795	0.996722914785	0.996424501056	0.996052275969	0.995203109194
90-91	0.99737015792	0.998274440409	0.998384430066	0.998278675725	0.998014610227	0.997695702023	0.997409927778	0.99722014488	0.997065212912	0.996902754828	0.996631515469	0.996280156302	0.995511899058
91-92	0.997500862091	0.998371501985	0.99847491585	0.998365695581	0.998133804774	0.997829725219	0.997558712149	0.997383453083	0.997227111899	0.997085925241	0.996825591482	0.99648491834	0.995756801363
92-93	0.997634810692	0.998473720532	0.998561934746	0.998454503516	0.998235209091	0.997965437783	0.997684425525	0.997523259367	0.997387244715	0.997250223551	0.997044419218	0.996662709035	0.99593781611
93-94	0.997776638622	0.998565440959	0.998647566886	0.998535563108	0.998326384024	0.998080877931	0.997817201451	0.99766306565	0.997540312848	0.997405640872	0.997223306673	0.99685040757	0.996198690305
94-95	0.997894365074	0.998655687965	0.998719678162	0.998614834621	0.998414000912	0.998202512428	0.997937735624	0.997798051028	0.997691026086	0.997543296213	0.997376879865	0.997022143473	0.996385029016
95-96	0.998002358237	0.998728069747	0.998793176193	0.998690529975	0.998501617799	0.998308379491	0.998054973942	0.99791736846	0.997820545276	0.997681506616	0.997506263874	0.997171311517	0.996582015652
96-97	0.99810525301	0.998793084427	0.998867020913	0.998773973672	0.998586121396	0.998401294732	0.998163266363	0.998046327705	0.997944765953	0.997810280967	0.997635647882	0.997322130868	0.996752382474
97-98	0.998197487514	0.99886693963	0.998933585168	0.998845496842	0.998663953656	0.99850209369	0.99828050468	0.998156605937	0.99806898663	0.99793072939	0.997757718881	0.997479005011	0.996906777405
98-99	0.998298528327	0.99893342773	0.998991135513	0.998914635905	0.998736448848	0.998591067072	0.998377497023	0.998266281557	0.998173190705	0.998037301267	0.997876414645	0.997621017392	0.997135707821
99-100	0.998383346991	0.998992364551	0.999049379236	0.998973046494	0.998813836352	0.998675535473	0.998479197732	0.99836209707	0.998270918821	0.998156084505	0.99800804881	0.997752021062	0.997263482937
100-101	0.998474654515	0.999048907063	0.999104156071	0.999023112712	0.998872544114	0.998755498893	0.998565360833	0.998447668158	0.998365703319	0.99825322033	0.9981228068	0.997888529087	0.997407229942
101-102	0.998561327139	0.999101950201	0.99915165244	0.999073178931	0.998937033701	0.998834336067	0.998652465607	0.998537457538	0.998455778028	0.998356461836	0.998208312754	0.998011826659	0.997535005058
102-103	0.998641974393	0.999149468012	0.999198802121	0.999123245149	0.998995296708	0.998899095174	0.998730153648	0.998630259985	0.998537021883	0.998450822352	0.998308444725	0.998108152887	0.997678752063
103-104	0.998705009029	0.99919348645	0.99924040478	0.999171523289	0.99905711776	0.998964417405	0.998789949898	0.998704984034	0.998609434884	0.998529641136	0.998405201462	0.998208882599	0.997833146995
104-105	0.998780557894	0.999241372616	0.99928166075	0.999219205401	0.999110933209	0.999029176512	0.998851158658	0.998779708082	0.998685380227	0.998612345353	0.99849464519	0.998298053164	0.997966246074
105-106	0.9988403481	0.999282812568	0.999318063077	0.999266887514	0.999154074519	0.999077041939	0.998924138334	0.998847200771	0.998758970676	0.998694494508	0.998579026065	0.998392728085	0.998083373263
106-107	0.998898747836	0.999326462651	0.999360012425	0.999302649099	0.99919810534	0.999127159857	0.99898440542	0.998918911753	0.998818431758	0.998764987364	0.998657219009	0.998484100393	0.9981792046
107-108	0.998951122202	0.999365324117	0.99939398793	0.999344370948	0.999233241047	0.999173899039	0.999031959919	0.998971339109	0.998881425182	0.998829929602	0.99873766211	0.998562812682	0.998291007826
108-109	0.999009058448	0.999404185582	0.999421376348	0.999380132532	0.999278606135	0.999225706325	0.99907621856	0.999040639638	0.998945596053	0.998903197767	0.998809104584	0.998637671922	0.998344247458
109-110	0.999054480465	0.999441205273	0.999449111454	0.9994087418	0.999317744643	0.99926681428	0.99913742732	0.999095477447	0.9989991699	0.998970915314	0.998873234049	0.998709778984	0.998450726721
110-111	0.999099902482	0.999469936973	0.999480660137	0.999442119279	0.99935288035	0.999305669744	0.999187806838	0.999143083898	0.999062752047	0.99903252718	0.998938488592	0.998779133868	0.998509290316
111-112	0.999143007049	0.999503457289	0.999513248887	0.999473112653	0.999389795079	0.999346777699	0.999233948827	0.999187677281	0.999114559723	0.99909524917	0.998994742509	0.998845736574	0.998562529947
112-113	0.999179159266	0.999533478232	0.999539597238	0.999504702052	0.99942226225	0.999381691305	0.999279149142	0.999231065438	0.999166367399	0.999147980047	0.999041995799	0.998909587102	0.998658361284
113-114	0.999220409873	0.999562946642	0.999560398567	0.999529735162	0.999448502841	0.999419420524	0.999317757744	0.999276864049	0.999211699115	0.999194605243	0.999089249089	0.998960777611	0.998727572805
114-115	0.999260270011	0.99958652137	0.999584320096	0.999552384165	0.999481859524	0.999448702903	0.999363899733	0.999326880952	0.999252909766	0.999241785501	0.99913593984	0.99902077509	0.998754192621
115-116	0.999304301558	0.999609911921	0.999604428048	0.999575033169	0.999517884742	0.999474606546	0.999399683315	0.999376897855	0.999304717442	0.999281194893	0.999187693443	0.999069763858	0.998834052068
116-117	0.999339063305	0.999630723985	0.999624189312	0.999595894093	0.999542791065	0.999507267661	0.999436879408	0.999408233746	0.999342395752	0.99932504478	0.99923719689	0.999127559594	0.998881967737
117-118	0.999371507603	0.999648036676	0.999647417463	0.999614370912	0.999573479213	0.999535423795	0.999471250481	0.999441377478	0.999385961297	0.999365009233	0.999276574632	0.999169943134	0.998961827184
118-119	0.999403024921	0.999665349367	0.999668565481	0.999636423889	0.999597940781	0.99955963807	0.999504679881	0.999471508142	0.999416574924	0.999403863564	0.99931820253	0.999209024061	0.999015066816
119-120	0.999430834319	0.999684135479	0.999687633367	0.999648940444	0.999622847104	0.999585541713	0.999531046731	0.999504651873	0.999444244933	0.999440497646	0.999359267889	0.999246453681	0.999057658521
120-121	0.999457716737	0.999698685506	0.999707047941	0.999668609315	0.999641082091	0.999604124761	0.999549880196	0.999529961632	0.999479568348	0.999478241853	0.999400333248	0.999289387657	0.999121546079
121-122	0.999486453115	0.999715261487	0.999719528739	0.999691854345	0.999659317078	0.999624397177	0.999573422026	0.999556476616	0.999505472186	0.999510990502	0.999427897667	0.999326266841	0.999206729489
122-123	0.999516116473	0.999734415954	0.999735823114	0.999711523217	0.999676217797	0.999651990188	0.999594609674	0.999584196828	0.999534908365	0.999542073966	0.999458274782	0.999364797332	0.999249321195
123-124	0.999542071911	0.999749150159	0.999748997289	0.999722251692	0.999690449982	0.999670573236	0.999610618119	0.999604083067	0.999560812203	0.999564831503	0.999488651897	0.999402226952	0.999281264974
124-125	0.99956663688	0.999762595121	0.999759397954	0.999734768247	0.999705126922	0.999690845653	0.99962992242	0.999619751012	0.999579062634	0.999593694719	0.999519029012	0.999433051345	0.999302560826
125-126	0.999592592318	0.999773645775	0.999771532063	0.999749668907	0.999716245817	0.999709991823	0.999644518355	0.999642047704	0.999607321367	0.99961478707	0.999542093118	0.999464976609	0.999334504605
126-127	0.999613912856	0.999786354026	0.999783319483	0.99976576162	0.999729143734	0.99972406989	0.999667118513	0.999660126103	0.999629104139	0.999632549049	0.999561781989	0.999496901873	0.999366448384
127-128	0.999631988965	0.999796115437	0.999796840347	0.99977410599	0.999746933965	0.999738147957	0.999683126958	0.999682422795	0.999654419254	0.999648090781	0.999584846095	0.999521121039	0.9993930682
128-129	0.999650528564	0.999804587605	0.999808974456	0.999786026518	0.999760276638	0.999753352269	0.999701489586	0.9996962829	0.999673258408	0.999668073008	0.999603409887	0.999551394996	0.999430335942
129-130	0.999675093532	0.999815822437	0.999818681743	0.999796754994	0.999776732602	0.999766304091	0.99972032305	0.999708335166	0.999686799051	0.999686945112	0.999624223837	0.999569008935	0.9994942235
130-131	0.999692242661	0.999825215492	0.99983150923	0.999806291416	0.999789630519	0.999781508403	0.999741039861	0.999726413565	0.999703283311	0.999699711534	0.999647850482	0.999597631586	0.999526167279
131-132	0.99970753783	0.999834608548	0.999842256584	0.999814635786	0.999805641727	0.999792770856	0.99975375245	0.999744491964	0.999719178848	0.999713033019	0.999669789509	0.999621300316	0.999547463132
132-133	0.999725613939	0.999845475024	0.999851963871	0.999824172209	0.999813647331	0.999805159555	0.999768819222	0.999761365136	0.999735074385	0.999729129813	0.999690603458	0.999641115997	0.999584730874
133-134	0.999740445618	0.99985339466	0.999862364536	0.999834900684	0.999825655737	0.999817548254	0.99978153181	0.999777635695	0.999748615028	0.999745226607	0.999705229477	0.999662032549	0.999600702763
134-135	0.999758521727	0.999860577585	0.999868258246	0.999839072869	0.999837219387	0.999826558217	0.999790948543	0.999793303641	0.999760978223	0.999758548091	0.999720418034	0.99967689431	0.999606026726
135-136	0.999771962936	0.999869602285	0.999874151956	0.999847417239	0.999845669747	0.999838383793	0.999800365275	0.999805355906	0.999776285036	0.999766874019	0.999737294209	0.99969560912	0.999627322579
136-137	0.999788185085	0.99987752192	0.999882819176	0.999855165582	0.999851896327	0.999846830633	0.999815902883	0.999814395106	0.999791003126	0.999779640442	0.999755295462	0.999713223059	0.999669914284
137-138	0.999799308844	0.999883968135	0.999890446331	0.999864702005	0.999860791443	0.999856403718	0.999826261289	0.999822831692	0.999804543769	0.999794627112	0.999774421794	0.999728635256	0.999685886174
138-139	0.999809505623	0.999889861817	0.999894953285	0.999870066242	0.999870131314	0.999862598068	0.999835207185	0.999834281344	0.999818673135	0.999807393535	0.999787360195	0.999745698759	0.999707182026
139-140	0.999818775422	0.999895018789	0.999901887062	0.999876622533	0.999874578872	0.999871044908	0.999843682244	0.999845128384	0.999830447607	0.999819604896	0.999800861135	0.999758358777	0.999717829953
140-141	0.999827118242	0.999900359938	0.999907780772	0.999884370876	0.999883473987	0.999882307361	0.999853569813	0.999850551903	0.99983927846	0.999828485886	0.999813236997	0.999771569231	0.999733801842
141-142	0.999834997571	0.999905701088	0.999911594349	0.999887351008	0.999890145324	0.999891317324	0.999862044872	0.999860193716	0.999846343143	0.999837366875	0.999821112545	0.999783128379	0.999749773732
142-143	0.999844267371	0.999911042237	0.999916101304	0.99989033114	0.999897261416	0.999896385428	0.999869107421	0.999868630302	0.999850464209	0.999842917494	0.99983123825	0.999794687526	0.999760421658
143-144	0.99984982925	0.999914173255	0.999921995014	0.999895695378	0.999903043241	0.999902579778	0.999875228297	0.999877066888	0.99986223868	0.999850133298	0.999838551259	0.999806797109	0.999765745621
144-145	0.9998567816	0.999920251115	0.999926501969	0.999902251669	0.999907490799	0.999905958514	0.9998804075	0.999886708701	0.999871069534	0.99985956935	0.999848114425	0.999816704949	0.999787041474
145-146	0.999863733949	0.999924671377	0.999930315546	0.999906423853	0.999911938357	0.999910463495	0.999889353395	0.999891529607	0.99987695677	0.999868450339	0.999857115052	0.999825511919	0.999787041474
146-147	0.999869759319	0.999929091638	0.999935169189	0.999914768223	0.999918164938	0.999912715986	0.999896415945	0.999900568807	0.999881666559	0.999871780711	0.999866115678	0.999839823244	0.999792365437
147-148	0.999874857709	0.999933143544	0.999938289389	0.999917748355	0.999920388717	0.999916094722	0.999900653474	0.99990659494	0.999886965071	0.999876776267	0.999872303609	0.999850831956	0.999792365437
148-149	0.999878565628	0.999934801143	0.999941756277	0.999920728487	0.999926170542	0.999922852194	0.999907245187	0.999910210619	0.999891086136	0.99988343701	0.999876241383	0.999856886747	0.999803013363
149-150	0.999883200528	0.999938300516	0.999945223165	0.999928476831	0.999929283832	0.999926794053	0.999912895226	0.999914428912	0.999898739543	0.999885657257	0.999883554392	0.999864592846	0.999808337326
150-151	0.999889689388	0.999940326469	0.999947649987	0.999931456963	0.999935065657	0.999930735911	0.999914778573	0.999918647205	0.999904038055	0.999891207876	0.999890304862	0.999869546766	0.999813661289
151-152	0.999893860797	0.999944010021	0.999950423498	0.999936225174	0.999937734192	0.99993467777	0.999919486939	0.999924070725	0.999908747844	0.999896758494	0.999893680097	0.999880005042	0.999829633179
152-153	0.999900349657	0.99994787775	0.999953890386	0.99993860928	0.999940402726	0.999939182751	0.999922311958	0.999928289018	0.999912280185	0.999901754051	0.999901555646	0.999887160705	0.999829633179
153-154	0.999905448046	0.999950456235	0.999957010585	0.999941589412	0.999943516017	0.999941435242	0.999926078651	0.999933712538	0.999919933592	0.999909524917	0.999904930881	0.999894316367	0.999834957142
154-155	0.999907765496	0.999953955609	0.99996151754	0.999944569544	0.999946629307	0.999944813978	0.999929374508	0.999937328218	0.999923465934	0.99991341035	0.999909993733	0.999898169416	0.999845605068
155-156	0.999910546436	0.999955613207	0.999963597673	0.999947549676	0.999948853086	0.999947066469	0.999931257854	0.999942149124	0.999928764446	0.999916185659	0.999913931507	0.999903123337	0.999861576958
156-157	0.999915181336	0.99995690245	0.999966371184	0.999950529808	0.999950632109	0.999950445205	0.999934082874	0.999943956964	0.999931708064	0.99991951603	0.99991899436	0.999905875515	0.999866900921
157-158	0.999919816235	0.999959480936	0.999968798006	0.999952913914	0.999953300644	0.999953823941	0.999937849567	0.99994516219	0.999933474235	0.999925066649	0.999926869908	0.999909728564	0.999866900921
158-159	0.999923524155	0.999961691067	0.999969491383	0.999955298019	0.99995685869	0.999956639554	0.999940674586	0.999949380483	0.999937006576	0.999930617268	0.999929682604	0.999912480742	0.999866900921
159-160	0.999927232075	0.99996298031	0.999972611583	0.999957086098	0.999957748202	0.99996001829	0.999943970443	0.99995239355	0.99993936147	0.999932837515	0.999934745457	0.999916333791	0.999872224884
160-161	0.999931866975	0.999965927151	0.999975038404	0.999958874178	0.99995997198	0.999960581413	0.999946795462	0.999956611843	0.999941127641	0.999935057763	0.999938120692	0.999920737275	0.999888196774
161-162	0.999933257445	0.999967400571	0.999977465226	0.999961258283	0.999961751003	0.999962833904	0.999950091319	0.99995781707	0.999942893812	0.999937833072	0.999943183544	0.999925691196	0.999888196774
162-163	0.999936038384	0.999969242347	0.999978851982	0.999964834442	0.999963085271	0.999963960149	0.999953858012	0.999960227523	0.99994583743	0.999944493814	0.999945433701	0.999929544245	0.999893520737
163-164	0.999938355834	0.999969979057	0.999980932115	0.999966026495	0.999963974782	0.999965649517	0.999957153868	0.999963843202	0.999949369771	0.999946714062	0.999949934014	0.999935048601	0.999904168663
164-165	0.999942527244	0.999971636655	0.999981278803	0.999969006627	0.999965753805	0.99996846513	0.999958566378	0.999965651042	0.999952313389	0.999948379247	0.999953309249	0.999936699907	0.999909492626
165-166	0.999946235164	0.999973846786	0.99998231887	0.999970198679	0.999965753805	0.999969028253	0.999959978888	0.999966856269	0.999954668284	0.999952819742	0.999954996867	0.999938351214	0.999920140553
166-167	0.999950870063	0.999974583496	0.999983012247	0.999971986759	0.999966643317	0.999971843866	0.999961391398	0.999968664109	0.999957611902	0.999955039989	0.999958372102	0.999943305135	0.999920140553
167-168	0.999953651003	0.999975872739	0.999984052314	0.999973178811	0.999967532829	0.999973533234	0.999961862234	0.999969869335	0.999961732967	0.999958925422	0.99995949718	0.999946057312	0.999925464516
168-169	0.999954577983	0.999977161982	0.999984745692	0.999974370864	0.999969756607	0.99997465948	0.999964216417	0.999970471949	0.999964676585	0.99996114567	0.999961184797	0.999947708619	0.999925464516
169-170	0.999955041473	0.99997808287	0.999985785758	0.999974966891	0.999971090875	0.99997691197	0.999967041437	0.999972279789	0.999966442755	0.999961700732	0.999963434954	0.99994880949	0.999930788479
170-171	0.999956895433	0.999979187935	0.999986132447	0.999975562917	0.999973759409	0.999978038216	0.999968453947	0.999972882402	0.999967031479	0.999963365917	0.999964560032	0.999949910362	0.999936112442
171-172	0.999960603353	0.999979187935	0.999986479136	0.999976158944	0.999975093677	0.999980853829	0.99996939562	0.999975895468	0.99996879765	0.999965031103	0.999964560032	0.999952662539	0.999941436405
172-173	0.999962920803	0.999980477178	0.999987519202	0.999977947023	0.999976427944	0.999982543197	0.999971278966	0.999977703308	0.999970563821	0.999966696288	0.99996624765	0.999954313846	0.999946760368
173-174	0.999964774762	0.999982503131	0.999989252646	0.999979735102	0.9999768727	0.999983669442	0.999973162313	0.999978305921	0.999972918715	0.999967806412	0.999967935267	0.999955965153	0.999946760368
174-175	0.999966628722	0.999983792374	0.999990292713	0.999980331128	0.999977762211	0.999985358811	0.999973162313	0.999980113761	0.999972918715	0.999972246907	0.999969060346	0.999955965153	0.999952084332
175-176	0.999968019192	0.999985449972	0.999991332779	0.999980331128	0.999978651723	0.999987048179	0.99997363315	0.999981318988	0.999974096162	0.999973912093	0.999970185424	0.99995761646	0.999957408295
176-177	0.999968482682	0.999986923393	0.999992372846	0.999980927155	0.99997998599	0.999987048179	0.999974103986	0.999981921601	0.999975862333	0.999975022216	0.999971873042	0.999960919073	0.999968056221
177-178	0.999970336642	0.999988212636	0.999992372846	0.999981523181	0.999981320258	0.999987048179	0.999974574823	0.999982524215	0.999978217227	0.999977797526	0.999973560659	0.999963120816	0.999968056221
178-179	0.999972190602	0.999988765169	0.999993412912	0.999982119208	0.999983544036	0.999987048179	0.999975045659	0.999984332054	0.999979983398	0.999978907649	0.999974685737	0.999966423429	0.999968056221
179-180	0.999972654092	0.999989133524	0.999993759601	0.999983907287	0.999985323059	0.999987611301	0.999975987333	0.999986139894	0.999979983398	0.999980572835	0.999974685737	0.999968625172	0.999968056221
180-181	0.999974971542	0.999989870234	0.999993759601	0.999984503313	0.999986657327	0.999987611301	0.999977399842	0.999986139894	0.999980572122	0.999980572835	0.999975248277	0.999969726043	0.999973380184
181-182	0.999976362012	0.999990054412	0.999993759601	0.999985695366	0.999987991594	0.999988174424	0.999979754026	0.999986742508	0.999982927016	0.999982238021	0.999976935894	0.999970276478	0.999973380184
182-183	0.999977288992	0.999990422767	0.99999410629	0.999986291393	0.99998843635	0.999989300669	0.999982108209	0.999986742508	0.999984104463	0.999982793082	0.999978623512	0.999973579092	0.999973380184
183-184	0.999977752482	0.999990791122	0.999994452979	0.999986291393	0.999989325861	0.999990426915	0.999984462392	0.999987345121	0.999984693187	0.999982793082	0.999981436207	0.999973579092	0.999978704147
184-185	0.999978679461	0.999990975299	0.999994799668	0.999988079472	0.999989770617	0.999990426915	0.999984462392	0.999987947734	0.99998528191	0.999983348144	0.999983686364	0.99997633127	0.999978704147
185-186	0.999980996911	0.999991527832	0.999994799668	0.999988675498	0.999991104885	0.999990990037	0.999985404065	0.999989152961	0.999987048081	0.99998501333	0.999984248903	0.999977982577	0.999978704147
186-187	0.999982387381	0.99999171201	0.999995146356	0.999989271525	0.999991994396	0.999992116283	0.999986816575	0.999989755574	0.999987636805	0.99998501333	0.999984811442	0.999979083448	0.999978704147
187-188	0.999983314361	0.999992264542	0.999995146356	0.999989271525	0.999992439152	0.999993805651	0.999986816575	0.999990960801	0.999988225528	0.999987233577	0.999985936521	0.99998128519	0.999978704147
188-189	0.999983314361	0.999992264542	0.999995146356	0.999989271525	0.999992883908	0.999994368773	0.999987287411	0.999990960801	0.999989402975	0.999987788639	0.999987061599	0.999982936497	0.999978704147
189-190	0.999983777851	0.999992817075	0.999995146356	0.999989867551	0.999992883908	0.999994368773	0.999987758248	0.999990960801	0.999990580423	0.999987788639	0.999989311756	0.999984037368	0.999978704147
190-191	0.999985168321	0.999992817075	0.999995146356	0.999990463577	0.999992883908	0.999994368773	0.999988699921	0.999991563414	0.999990580423	0.999987788639	0.999989311756	0.999985688675	0.999978704147
191-192	0.999985631811	0.999993553785	0.999995839734	0.999990463577	0.999993328663	0.999995495019	0.999988699921	0.99999276864	0.999991169146	0.999988898763	0.999989311756	0.99998623911	0.999978704147
192-193	0.999987022281	0.999993737963	0.999996186423	0.999990463577	0.999993328663	0.999995495019	0.999988699921	0.99999276864	0.99999175787	0.999990563948	0.999989874295	0.999987890417	0.999978704147
193-194	0.999987949261	0.999993737963	0.999996186423	0.999992251657	0.999993773419	0.999995495019	0.999989170758	0.999993371254	0.999992346593	0.999992229134	0.999989874295	0.999988991288	0.999978704147
194-195	0.999988876241	0.999994290496	0.999996186423	0.999992847683	0.999995107686	0.999996058141	0.999989170758	0.999993973867	0.999992346593	0.999992229134	0.999990436834	0.999989541724	0.999978704147
195-196	0.999989339731	0.999994843028	0.999996186423	0.999993443709	0.999995107686	0.999996621264	0.999989641594	0.999993973867	0.999992346593	0.999992784196	0.999990436834	0.999990092159	0.999978704147
196-197	0.999989803221	0.999994843028	0.999996186423	0.999993443709	0.999995107686	0.999997747509	0.999990112431	0.99999457648	0.999992346593	0.999994449381	0.999992124452	0.999991193031	0.999978704147
197-198	0.999989803221	0.999995027206	0.999996533112	0.999993443709	0.999995552442	0.999997747509	0.999990583268	0.99999457648	0.999992346593	0.999995559505	0.999992124452	0.999991193031	0.999984028111
198-199	0.999990730201	0.999995211383	0.999997226489	0.999994039736	0.999995997198	0.999998310632	0.999991054104	0.99999457648	0.999992935317	0.999995559505	0.99999324953	0.999992844337	0.999984028111
199-200	0.999991193691	0.999995579738	0.999997226489	0.999995231789	0.999996441954	0.999998310632	0.999991054104	0.999995179094	0.999992935317	0.999995559505	0.99999324953	0.999992844337	0.999984028111
200-201	0.999992120671	0.999995763916	0.999997226489	0.999995231789	0.999996441954	0.999998310632	0.999991524941	0.999995179094	0.999993524041	0.999995559505	0.99999324953	0.999993394773	0.999984028111
201-202	0.999992584161	0.999996316449	0.999997573178	0.999995231789	0.999996441954	0.999998310632	0.999991524941	0.999995179094	0.999993524041	0.999995559505	0.999993812069	0.999993394773	0.999994676037
202-203	0.99999397463	0.999996684804	0.999997573178	0.999995231789	0.999996441954	0.999998310632	0.999991995778	0.999995781707	0.999994112764	0.999995559505	0.999993812069	0.999993945209	0.999994676037
203-204	0.99999443812	0.999996868981	0.999997573178	0.999995231789	0.999996441954	0.999998310632	0.999991995778	0.999995781707	0.999994701488	0.999995559505	0.999993812069	0.999993945209	0.999994676037
204-205	0.99999443812	0.999996868981	0.999997573178	0.999995827815	0.999996441954	0.999998310632	0.999992937451	0.999995781707	0.999994701488	0.999995559505	0.999994374608	0.999993945209	0.999994676037
205-206	0.99999443812	0.999996868981	0.999997573178	0.999995827815	0.99999688671	0.999998310632	0.999993408287	0.99999638432	0.999994701488	0.999995559505	0.999995499687	0.999994495644	0.999994676037
206-207	0.9999953651	0.999997053159	0.999997573178	0.999996423842	0.99999688671	0.999998310632	0.999993879124	0.99999638432	0.999994701488	0.999995559505	0.999996624765	0.999994495644	0.999994676037
207-208	0.9999953651	0.999997053159	0.999997573178	0.999996423842	0.99999688671	0.999998310632	0.999993879124	0.99999638432	0.999994701488	0.999995559505	0.999997187304	0.999994495644	0.999994676037
208-209	0.99999582859	0.999997237337	0.999998266556	0.999996423842	0.99999688671	0.999998310632	0.999994349961	0.999996986934	0.999994701488	0.999995559505	0.999997187304	0.999994495644	0.999994676037
209-210	0.99999582859	0.999997237337	0.999998266556	0.999996423842	0.99999688671	0.999998310632	0.999994349961	0.999996986934	0.999994701488	0.999995559505	0.999997187304	0.999994495644	0.999994676037
210-211	0.99999582859	0.999997605692	0.999998613245	0.999996423842	0.99999688671	0.999998310632	0.999994349961	0.999996986934	0.999995290211	0.999995559505	0.999997187304	0.999994495644	0.999994676037
211-212	0.99999629208	0.999997605692	0.999998613245	0.999997019868	0.99999688671	0.999998310632	0.999994820797	0.999996986934	0.999995290211	0.999995559505	0.999997187304	0.999994495644	0.999994676037
212-213	0.99999629208	0.999997605692	0.999998613245	0.999997019868	0.99999688671	0.999998310632	0.999994820797	0.999996986934	0.999995290211	0.999996114567	0.999997187304	0.999994495644	0.999994676037
213-214	0.99999629208	0.999997605692	0.999998613245	0.999997019868	0.99999688671	0.999998873755	0.999995291634	0.999996986934	0.999996467658	0.999996114567	0.999997187304	0.99999504608	0.999994676037
214-215	0.99999629208	0.999998158224	0.999998613245	0.999997019868	0.999997331465	0.999998873755	0.99999576247	0.999996986934	0.999997645106	0.999996114567	0.999997749843	0.99999504608	0.999994676037
215-216	0.99999629208	0.999998158224	0.999998959934	0.999997019868	0.999997776221	0.999998873755	0.999996233307	0.999997589547	0.999997645106	0.999996114567	0.999997749843	0.99999504608	0.999994676037
216-217	0.99999629208	0.999998158224	0.999999653311	0.999997615894	0.999997776221	0.999998873755	0.999996233307	0.999997589547	0.999997645106	0.999996669629	0.999997749843	0.99999504608	0.999994676037
217-218	0.99999629208	0.999998158224	0.999999653311	0.999997615894	0.999997776221	0.999998873755	0.999996233307	0.99999819216	0.999997645106	0.999996669629	0.999998312383	0.99999504608	0.999994676037
218-219	0.99999629208	0.999998158224	0.999999653311	0.999997615894	0.999998220977	0.999998873755	0.999996233307	0.99999819216	0.999998233829	0.999997224691	0.999998312383	0.999996146951	0.999994676037
219-220	0.99999629208	0.999998342402	0.999999653311	0.999998211921	0.999998220977	0.999998873755	0.999996704144	0.99999819216	0.999998233829	0.999997779753	0.999998312383	0.999996146951	0.999994676037
220-221	0.99999629208	0.999998342402	1.0	0.999998211921	0.999998665733	0.999998873755	0.999996704144	0.99999819216	0.999998233829	0.999998334814	0.999998312383	0.999996146951	0.999994676037
221-222	0.99999629208	0.999998526579	1.0	0.999998211921	0.999998665733	0.999998873755	0.999996704144	0.999998794773	0.999998822553	0.999998334814	0.999998312383	0.999996146951	0.999994676037
222-223	0.99999629208	0.999998526579	1.0	0.999998211921	0.999998665733	0.999998873755	0.999998116654	0.999998794773	0.999998822553	0.999998334814	0.999998312383	0.999996146951	0.999994676037
223-224	0.99999629208	0.999998526579	1.0	0.999998807947	0.999998665733	0.999998873755	0.999998116654	0.999998794773	0.999998822553	0.999998334814	0.999998312383	0.999996146951	0.999994676037
224-225	0.99999629208	0.999998526579	1.0	0.999998807947	0.999999110488	0.999998873755	0.999998116654	0.999998794773	0.999998822553	0.999998334814	0.999998312383	0.999997247822	0.999994676037
225-226	0.99999629208	0.999998710757	1.0	0.999998807947	0.999999110488	0.999998873755	0.999998116654	0.999998794773	0.999998822553	0.999998334814	0.999998312383	0.999997798258	0.999994676037
226-227	0.99999629208	0.999998710757	1.0	0.999998807947	0.999999555244	0.999998873755	0.999998116654	0.999998794773	0.999998822553	0.999998334814	0.999998312383	0.999997798258	0.999994676037
227-228	0.99999629208	0.999998710757	1.0	0.999998807947	0.999999555244	0.999998873755	0.999998116654	0.999998794773	1.0	0.999998334814	0.999998874922	0.999997798258	0.999994676037
228-229	0.99999629208	0.999998710757	1.0	0.999998807947	0.999999555244	0.999998873755	0.999999058327	0.999998794773	1.0	0.999998334814	0.999998874922	0.999997798258	0.999994676037
229-230	0.99999629208	0.999998894935	1.0	0.999998807947	0.999999555244	0.999998873755	0.999999529163	0.999998794773	1.0	0.999998334814	0.999998874922	0.999997798258	0.999994676037
230-231	0.99999675557	0.999998894935	1.0	0.999998807947	0.999999555244	0.999998873755	0.999999529163	0.999998794773	1.0	0.999998334814	0.999998874922	0.999997798258	0.999994676037
231-232	0.99999721906	0.999998894935	1.0	0.999999403974	0.999999555244	0.999998873755	0.999999529163	0.999998794773	1.0	0.999998334814	0.999998874922	0.999997798258	0.999994676037
232-233	0.99999768255	0.999998894935	1.0	0.999999403974	0.999999555244	0.999998873755	0.999999529163	0.999999397387	1.0	0.999998334814	0.999998874922	0.999997798258	0.999994676037
233-234	0.99999768255	0.999998894935	1.0	0.999999403974	0.999999555244	0.999998873755	0.999999529163	0.999999397387	1.0	0.999998334814	0.999998874922	0.999997798258	0.999994676037
234-235	0.99999768255	0.999998894935	1.0	0.999999403974	0.999999555244	0.999998873755	0.999999529163	1.0	1.0	0.999998334814	0.999998874922	0.999998348693	0.999994676037
235-236	0.99999768255	0.999998894935	1.0	0.999999403974	0.999999555244	0.999999436877	0.999999529163	1.0	1.0	0.999998889876	0.999998874922	0.999998348693	0.999994676037
236-237	0.99999768255	0.999998894935	1.0	0.999999403974	0.999999555244	0.999999436877	0.999999529163	1.0	1.0	0.999998889876	0.999998874922	0.999998348693	0.999994676037
237-238	0.99999814604	0.999998894935	1.0	0.999999403974	0.999999555244	0.999999436877	0.999999529163	1.0	1.0	0.999998889876	0.999998874922	0.999998348693	0.999994676037
238-239	0.99999814604	0.999998894935	1.0	0.999999403974	1.0	0.999999436877	0.999999529163	1.0	1.0	0.999998889876	0.999998874922	0.999998348693	1.0
239-240	0.99999814604	0.999998894935	1.0	0.999999403974	1.0	0.999999436877	0.999999529163	1.0	1.0	0.999998889876	0.999998874922	0.999998348693	1.0
240-241	0.99999814604	0.999998894935	1.0	0.999999403974	1.0	0.999999436877	0.999999529163	1.0	1.0	0.999998889876	0.999998874922	0.999998348693	1.0
241-242	0.99999814604	0.999998894935	1.0	0.999999403974	1.0	0.999999436877	0.999999529163	1.0	1.0	0.999998889876	0.999998874922	0.999998899129	1.0
242-243	0.99999814604	0.999998894935	1.0	0.999999403974	1.0	0.999999436877	0.999999529163	1.0	1.0	0.999998889876	0.999998874922	0.999998899129	1.0
243-244	0.99999860953	0.999998894935	1.0	0.999999403974	1.0	0.999999436877	0.999999529163	1.0	1.0	0.999998889876	0.999998874922	0.999998899129	1.0
244-245	0.99999860953	0.999999079112	1.0	0.999999403974	1.0	0.999999436877	0.999999529163	1.0	1.0	0.999998889876	0.999998874922	0.999999449564	1.0
245-246	0.99999907302	0.999999079112	1.0	0.999999403974	1.0	0.999999436877	0.999999529163	1.0	1.0	0.999998889876	0.999998874922	0.999999449564	1.0
246-247	0.99999907302	0.99999926329	1.0	0.999999403974	1.0	0.999999436877	0.999999529163	1.0	1.0	0.999998889876	0.999998874922	0.999999449564	1.0
247-248	0.99999907302	0.99999926329	1.0	0.999999403974	1.0	0.999999436877	0.999999529163	1.0	1.0	0.999998889876	0.999998874922	0.999999449564	1.0
248-249	0.99999907302	0.99999926329	1.0	0.999999403974	1.0	0.999999436877	0.999999529163	1.0	1.0	0.999998889876	0.999998874922	0.999999449564	1.0
249-250	0.99999907302	0.99999926329	1.0	1.0	1.0	0.999999436877	0.999999529163	1.0	1.0	0.999998889876	0.999998874922	0.999999449564	1.0
250-251	0.99999907302	0.999999447467	1.0	1.0	1.0	0.999999436877	0.999999529163	1.0	1.0	0.999999444938	0.999998874922	0.999999449564	1.0
251-252	0.99999953651	0.999999631645	1.0	1.0	1.0	0.999999436877	0.999999529163	1.0	1.0	0.999999444938	0.999998874922	0.999999449564	1.0
252-253	0.99999953651	0.999999631645	1.0	1.0	1.0	0.999999436877	0.999999529163	1.0	1.0	0.999999444938	0.999998874922	0.999999449564	1.0
253-254	0.99999953651	0.999999631645	1.0	1.0	1.0	0.999999436877	0.999999529163	1.0	1.0	0.999999444938	0.999998874922	0.999999449564	1.0
254-255	0.99999953651	0.999999631645	1.0	1.0	1.0	0.999999436877	0.999999529163	1.0	1.0	0.999999444938	0.999999437461	1.0	1.0
255-256	0.99999953651	0.999999631645	1.0	1.0	1.0	0.999999436877	0.999999529163	1.0	1.0	0.999999444938	0.999999437461	1.0	1.0
256-257	0.99999953651	0.999999631645	1.0	1.0	1.0	0.999999436877	0.999999529163	1.0	1.0	0.999999444938	0.999999437461	1.0	1.0
257-258	0.99999953651	0.999999631645	1.0	1.0	1.0	0.999999436877	0.999999529163	1.0	1.0	0.999999444938	0.999999437461	1.0	1.0
258-259	0.99999953651	0.999999815822	1.0	1.0	1.0	0.999999436877	0.999999529163	1.0	1.0	0.999999444938	0.999999437461	1.0	1.0
259-260	0.99999953651	0.999999815822	1.0	1.0	1.0	0.999999436877	0.999999529163	1.0	1.0	0.999999444938	0.999999437461	1.0	1.0
260-261	0.99999953651	0.999999815822	1.0	1.0	1.0	0.999999436877	0.999999529163	1.0	1.0	0.999999444938	0.999999437461	1.0	1.0
261-262	0.99999953651	0.999999815822	1.0	1.0	1.0	1.0	0.999999529163	1.0	1.0	0.999999444938	0.999999437461	1.0	1.0
262-263	0.99999953651	0.999999815822	1.0	1.0	1.0	1.0	0.999999529163	1.0	1.0	0.999999444938	0.999999437461	1.0	1.0
263-264	0.99999953651	0.999999815822	1.0	1.0	1.0	1.0	1.0	1.0	1.0	1.0	1.0	1.0	1.0
264-265	0.99999953651	0.999999815822	1.0	1.0	1.0	1.0	1.0	1.0	1.0	1.0	1.0	1.0	1.0
265-266	0.99999953651	0.999999815822	1.0	1.0	1.0	1.0	1.0	1.0	1.0	1.0	1.0	1.0	1.0
266-267	0.99999953651	0.999999815822	1.0	1.0	1.0	1.0	1.0	1.0	1.0	1.0	1.0	1.0	1.0
267-268	0.99999953651	0.999999815822	1.0	1.0	1.0	1.0	1.0	1.0	1.0	1.0	1.0	1.0	1.0
268-269	0.99999953651	0.999999815822	1.0	1.0	1.0	1.0	1.0	1.0	1.0	1.0	1.0	1.0	1.0
269-270	0.99999953651	0.999999815822	1.0	1.0	1.0	1.0	1.0	1.0	1.0	1.0	1.0	1.0	1.0
270-271	0.99999953651	0.999999815822	1.0	1.0	1.0	1.0	1.0	1.0	1.0	1.0	1.0	1.0	1.0
271-272	0.99999953651	0.999999815822	1.0	1.0	1.0	1.0	1.0	1.0	1.0	1.0	1.0	1.0	1.0
272-273	0.99999953651	0.999999815822	1.0	1.0	1.0	1.0	1.0	1.0	1.0	1.0	1.0	1.0	1.0
273-274	0.99999953651	0.999999815822	1.0	1.0	1.0	1.0	1.0	1.0	1.0	1.0	1.0	1.0	1.0
274-275	0.99999953651	0.999999815822	1.0	1.0	1.0	1.0	1.0	1.0	1.0	1.0	1.0	1.0	1.0
275-276	0.99999953651	1.0	1.0	1.0	1.0	1.0	1.0	1.0	1.0	1.0	1.0	1.0	1.0
276-277	0.99999953651	1.0	1.0	1.0	1.0	1.0	1.0	1.0	1.0	1.0	1.0	1.0	1.0
277-278	0.99999953651	1.0	1.0	1.0	1.0	1.0	1.0	1.0	1.0	1.0	1.0	1.0	1.0
278-279	0.99999953651	1.0	1.0	1.0	1.0	1.0	1.0	1.0	1.0	1.0	1.0	1.0	1.0
279-280	0.99999953651	1.0	1.0	1.0	1.0	1.0	1.0	1.0	1.0	1.0	1.0	1.0	1.0
280-281	0.99999953651	1.0	1.0	1.0	1.0	1.0	1.0	1.0	1.0	1.0	1.0	1.0	1.0
281-282	0.99999953651	1.0	1.0	1.0	1.0	1.0	1.0	1.0	1.0	1.0	1.0	1.0	1.0
282-283	0.99999953651	1.0	1.0	1.0	1.0	1.0	1.0	1.0	1.0	1.0	1.0	1.0	1.0
283-284	0.99999953651	1.0	1.0	1.0	1.0	1.0	1.0	1.0	1.0	1.0	1.0	1.0	1.0
284-285	0.99999953651	1.0	1.0	1.0	1.0	1.0	1.0	1.0	1.0	1.0	1.0	1.0	1.0
285-286	0.99999953651	1.0	1.0	1.0	1.0	1.0	1.0	1.0	1.0	1.0	1.0	1.0	1.0
286-287	0.99999953651	1.0	1.0	1.0	1.0	1.0	1.0	1.0	1.0	1.0	1.0	1.0	1.0
287-288	0.99999953651	1.0	1.0	1.0	1.0	1.0	1.0	1.0	1.0	1.0	1.0	1.0	1.0
288-289	0.99999953651	1.0	1.0	1.0	1.0	1.0	1.0	1.0	1.0	1.0	1.0	1.0	1.0
289-290	0.99999953651	1.0	1.0	1.0	1.0	1.0	1.0	1.0	1.0	1.0	1.0	1.0	1.0
290-291	0.99999953651	1.0	1.0	1.0	1.0	1.0	1.0	1.0	1.0	1.0	1.0	1.0	1.0
291-292	0.99999953651	1.0	1.0	1.0	1.0	1.0	1.0	1.0	1.0	1.0	1.0	1.0	1.0
292-293	0.99999953651	1.0	1.0	1.0	1.0	1.0	1.0	1.0	1.0	1.0	1.0	1.0	1.0
293-294	0.99999953651	1.0	1.0	1.0	1.0	1.0	1.0	1.0	1.0	1.0	1.0	1.0	1.0
294-295	0.99999953651	1.0	1.0	1.0	1.0	1.0	1.0	1.0	1.0	1.0	1.0	1.0	1.0
295-296	0.99999953651	1.0	1.0	1.0	1.0	1.0	1.0	1.0	1.0	1.0	1.0	1.0	1.0
296-297	0.99999953651	1.0	1.0	1.0	1.0	1.0	1.0	1.0	1.0	1.0	1.0	1.0	1.0
297-298	0.99999953651	1.0	1.0	1.0	1.0	1.0	1.0	1.0	1.0	1.0	1.0	1.0	1.0
298-299	0.99999953651	1.0	1.0	1.0	1.0	1.0	1.0	1.0	1.0	1.0	1.0	1.0	1.0
299-300	0.99999953651	1.0	1.0	1.0	1.0	1.0	1.0	1.0	1.0	1.0	1.0	1.0	1.0
300-301	0.99999953651	1.0	1.0	1.0	1.0	1.0	1.0	1.0	1.0	1.0	1.0	1.0	1.0
301-302	0.99999953651	1.0	1.0	1.0	1.0	1.0	1.0	1.0	1.0	1.0	1.0	1.0	1.0
302-303	0.99999953651	1.0	1.0	1.0	1.0	1.0	1.0	1.0	1.0	1.0	1.0	1.0	1.0
303-304	0.99999953651	1.0	1.0	1.0	1.0	1.0	1.0	1.0	1.0	1.0	1.0	1.0	1.0
304-305	0.99999953651	1.0	1.0	1.0	1.0	1.0	1.0	1.0	1.0	1.0	1.0	1.0	1.0
305-306	0.99999953651	1.0	1.0	1.0	1.0	1.0	1.0	1.0	1.0	1.0	1.0	1.0	1.0
306-307	0.99999953651	1.0	1.0	1.0	1.0	1.0	1.0	1.0	1.0	1.0	1.0	1.0	1.0
307-308	0.99999953651	1.0	1.0	1.0	1.0	1.0	1.0	1.0	1.0	1.0	1.0	1.0	1.0
308-309	0.99999953651	1.0	1.0	1.0	1.0	1.0	1.0	1.0	1.0	1.0	1.0	1.0	1.0
309-310	0.99999953651	1.0	1.0	1.0	1.0	1.0	1.0	1.0	1.0	1.0	1.0	1.0	1.0
310-311	0.99999953651	1.0	1.0	1.0	1.0	1.0	1.0	1.0	1.0	1.0	1.0	1.0	1.0
311-312	0.99999953651	1.0	1.0	1.0	1.0	1.0	1.0	1.0	1.0	1.0	1.0	1.0	1.0
312-313	0.99999953651	1.0	1.0	1.0	1.0	1.0	1.0	1.0	1.0	1.0	1.0	1.0	1.0
313-314	0.99999953651	1.0	1.0	1.0	1.0	1.0	1.0	1.0	1.0	1.0	1.0	1.0	1.0
314-315	0.99999953651	1.0	1.0	1.0	1.0	1.0	1.0	1.0	1.0	1.0	1.0	1.0	1.0
315-316	0.99999953651	1.0	1.0	1.0	1.0	1.0	1.0	1.0	1.0	1.0	1.0	1.0	1.0
316-317	0.99999953651	1.0	1.0	1.0	1.0	1.0	1.0	1.0	1.0	1.0	1.0	1.0	1.0
317-318	0.99999953651	1.0	1.0	1.0	1.0	1.0	1.0	1.0	1.0	1.0	1.0	1.0	1.0
318-319	0.99999953651	1.0	1.0	1.0	1.0	1.0	1.0	1.0	1.0	1.0	1.0	1.0	1.0
319-320	0.99999953651	1.0	1.0	1.0	1.0	1.0	1.0	1.0	1.0	1.0	1.0	1.0	1.0
320-321	0.99999953651	1.0	1.0	1.0	1.0	1.0	1.0	1.0	1.0	1.0	1.0	1.0	1.0
321-322	0.99999953651	1.0	1.0	1.0	1.0	1.0	1.0	1.0	1.0	1.0	1.0	1.0	1.0
322-323	0.99999953651	1.0	1.0	1.0	1.0	1.0	1.0	1.0	1.0	1.0	1.0	1.0	1.0
323-324	0.99999953651	1.0	1.0	1.0	1.0	1.0	1.0	1.0	1.0	1.0	1.0	1.0	1.0
324-325	0.99999953651	1.0	1.0	1.0	1.0	1.0	1.0	1.0	1.0	1.0	1.0	1.0	1.0
325-326	0.99999953651	1.0	1.0	1.0	1.0	1.0	1.0	1.0	1.0	1.0	1.0	1.0	1.0
326-327	0.99999953651	1.0	1.0	1.0	1.0	1.0	1.0	1.0	1.0	1.0	1.0	1.0	1.0
327-328	0.99999953651	1.0	1.0	1.0	1.0	1.0	1.0	1.0	1.0	1.0	1.0	1.0	1.0
328-329	0.99999953651	1.0	1.0	1.0	1.0	1.0	1.0	1.0	1.0	1.0	1.0	1.0	1.0
329-330	0.99999953651	1.0	1.0	1.0	1.0	1.0	1.0	1.0	1.0	1.0	1.0	1.0	1.0
330-331	0.99999953651	1.0	1.0	1.0	1.0	1.0	1.0	1.0	1.0	1.0	1.0	1.0	1.0
331-332	0.99999953651	1.0	1.0	1.0	1.0	1.0	1.0	1.0	1.0	1.0	1.0	1.0	1.0
332-333	0.99999953651	1.0	1.0	1.0	1.0	1.0	1.0	1.0	1.0	1.0	1.0	1.0	1.0
333-334	1.0	1.0	1.0	1.0	1.0	1.0	1.0	1.0	1.0	1.0	1.0	1.0	1.0
