bins	0-1	1-2	2-3	3-4	4-5	5-6	6-8	8-10	10-13	13-17	17-25	25-269
0-1	0.0	0.0931125618699	0.107943677174	0.111235317866	0.114465721102	0.114930739731	0.114386949608	0.113060587465	0.111973405538	0.11088573841	0.108212634704	0.104233633956
1-2	0.192806761089	0.308904644566	0.331720121774	0.328823567954	0.320257466988	0.313388636716	0.307644456981	0.302541653721	0.297875131165	0.293022004764	0.285592399806	0.27269988103
2-3	0.315779565389	0.432092513046	0.456255438065	0.447942567816	0.432895595446	0.4212285894	0.410901692642	0.402808908441	0.395099688527	0.387162223079	0.375750088308	0.356885442787
3-4	0.395621833612	0.507793510314	0.531408641356	0.521932195973	0.504860931836	0.490677793059	0.477772846733	0.467603215775	0.457729981054	0.447567396393	0.433620513838	0.410698646744
4-5	0.463691164112	0.566992418858	0.590164880791	0.581489045503	0.563849488018	0.548975178021	0.534639657765	0.523130057437	0.511675821894	0.500080992016	0.484217045174	0.458081982185
5-6	0.524967610638	0.61822045312	0.640556443409	0.632840949716	0.615908601658	0.601517694109	0.586388748361	0.573970797785	0.561761481858	0.549177585001	0.53189609919	0.50345713115
6-7	0.577559418378	0.661738452245	0.682581903819	0.676136417948	0.66064105227	0.646560456634	0.631469283255	0.61877946535	0.606336727391	0.59312014913	0.575201039786	0.545170577829
7-8	0.62435663821	0.699482351129	0.719285016041	0.713794266688	0.699380087975	0.685950797279	0.671223354925	0.658837471521	0.646223934019	0.632878156958	0.614693688535	0.583597974544
8-9	0.665301200621	0.732750148715	0.751337960695	0.74672571238	0.733361307298	0.72075425865	0.70653790457	0.694376087316	0.681991288468	0.668623131993	0.650449825207	0.618943892432
9-10	0.700685201497	0.761485862376	0.778703019791	0.774657546508	0.76258923008	0.750693189446	0.737293968929	0.725568488917	0.713532214194	0.700444296385	0.682479612176	0.650971783507
10-11	0.732214573212	0.786887979819	0.802811667775	0.799273338342	0.788198546755	0.777182602083	0.764532171044	0.753509703962	0.741812296358	0.72907637678	0.711575276557	0.680303128425
11-12	0.760212444496	0.809446742006	0.824186693521	0.821025393967	0.810912537073	0.800789768913	0.788924886956	0.77847071854	0.767229930216	0.754925923169	0.737961967492	0.707186479099
12-13	0.784692677104	0.829262264737	0.842787857198	0.840066393841	0.830879409789	0.821405319264	0.810336620745	0.800491524804	0.789783039061	0.777983396076	0.761653264014	0.731547895369
13-14	0.806708389714	0.846796344238	0.85921837252	0.856828831215	0.848444354655	0.839728075405	0.829489130783	0.82010762969	0.810017796539	0.798686021451	0.783025349165	0.753781993745
14-15	0.826090556343	0.862312963385	0.873754600512	0.87163675016	0.864006904636	0.856004003999	0.846429427327	0.837651439108	0.828097680934	0.817319796506	0.802272271718	0.774072161964
15-16	0.843152877229	0.876009512331	0.886486614801	0.884563840505	0.877692353942	0.8702915456	0.861391124032	0.853237110797	0.844123620154	0.833978151983	0.819572924493	0.792448056786
16-17	0.858581634087	0.888225907194	0.897896416204	0.896163558051	0.889880999932	0.883064678906	0.874846264245	0.867161953627	0.858674682862	0.849070817698	0.835342037465	0.809333850612
17-18	0.872310952366	0.899162953913	0.908072269202	0.906495254392	0.900739130727	0.894484643513	0.886884052439	0.879738700693	0.871742728373	0.862708058762	0.84966073441	0.824785729892
18-19	0.884476265149	0.908879537022	0.917046245051	0.915623495029	0.910365236827	0.904637222642	0.897592039827	0.891010853852	0.883539580685	0.874997053986	0.862639662553	0.83888348544
19-20	0.895507224378	0.917625401918	0.925075626487	0.923833219757	0.91901673897	0.913710646507	0.907260985556	0.901121756803	0.894132109727	0.886107082293	0.874476462541	0.851817263504
20-21	0.90536418044	0.925435734225	0.932337216587	0.931169268144	0.926760383653	0.921887747199	0.915955726403	0.91021854003	0.903753072694	0.896184883261	0.885226501789	0.863726571914
21-22	0.914134737125	0.932411979787	0.938754263627	0.937707415578	0.933712845852	0.929218633383	0.923734414195	0.918417577927	0.91238436071	0.905279276556	0.895032228742	0.874592143863
22-23	0.922087512751	0.938711295018	0.944536080519	0.943606425405	0.939913332565	0.935819482062	0.930773948383	0.925836999742	0.920199254114	0.913538778715	0.903933154008	0.884586876257
23-24	0.929183232348	0.944390841448	0.949754101187	0.948873597091	0.9455271859	0.941758004478	0.937105956659	0.93253028228	0.927262961469	0.921019878396	0.912024330825	0.893680406221
24-25	0.935561262741	0.949482026176	0.954394784435	0.953582881158	0.950552934281	0.947052155259	0.942821081124	0.938612229804	0.933594339265	0.92783723635	0.919381626569	0.902042604461
25-26	0.941399871086	0.954063170471	0.958598531093	0.957844290959	0.955111982751	0.951859184085	0.947928019392	0.944065570876	0.939383198419	0.934001701393	0.926120857256	0.909751244323
26-27	0.946644734291	0.958207184754	0.962409857158	0.961701710178	0.959190351337	0.95619610678	0.952562842433	0.948999568122	0.944670906912	0.939601466909	0.93223851862	0.916796339347
27-28	0.951324699792	0.961922714289	0.965789619253	0.965121596038	0.962860988176	0.960100592855	0.956770475949	0.953473239985	0.949460787474	0.944711819934	0.937825721599	0.923225400876
28-29	0.955622218244	0.965305098823	0.968888470044	0.968259062154	0.966197997647	0.963668048273	0.960575143881	0.957521960587	0.953788642512	0.949360724222	0.942922852866	0.929178037614
29-30	0.959480656265	0.968365371649	0.971646049783	0.971088994893	0.96917016131	0.966917014415	0.964031260239	0.961204194207	0.957758473458	0.953570064453	0.947597895197	0.93467654257
30-31	0.962959956576	0.971136965157	0.974153528554	0.973641721791	0.97186608908	0.96982190887	0.967147450757	0.964547279592	0.961360395192	0.957406710478	0.951836831526	0.939702455923
31-32	0.966184999846	0.973666430776	0.97643371258	0.97599388722	0.974349479188	0.972454667499	0.969992793198	0.967579202012	0.96462514296	0.960936222809	0.955731999282	0.944332844905
32-33	0.96909890293	0.975944669818	0.978514890355	0.978091353489	0.976608979474	0.974860470247	0.972581304381	0.970346326504	0.967616097826	0.964128954253	0.959281996759	0.948615624353
33-34	0.971730825463	0.978000973409	0.980368773386	0.979996426738	0.978627141249	0.977020541033	0.974918806676	0.972845328085	0.970306844092	0.967102745386	0.962549024692	0.952547969813
34-35	0.974140835048	0.979883525301	0.982065753968	0.981717362314	0.980467032066	0.978982758863	0.977061870528	0.975167459059	0.972794903863	0.969805503192	0.965533258295	0.956177796123
35-36	0.976323499376	0.981608497583	0.983623375351	0.983281793902	0.9821267599	0.980801691725	0.979015958904	0.977249082951	0.975041816549	0.972274637378	0.96830671025	0.959477867481
36-37	0.978293679246	0.983169119136	0.985021627265	0.98472639262	0.983647213549	0.982420659322	0.98078028111	0.979139520338	0.977083384559	0.974494248819	0.970834162676	0.962509414005
37-38	0.98011337791	0.98458978412	0.986307712019	0.986029955263	0.985022927159	0.983861371499	0.982374029407	0.980846344791	0.978969947242	0.976570206984	0.973139795014	0.965337297252
38-39	0.981762864223	0.985882372216	0.987455369559	0.987208558031	0.986303618985	0.985214892249	0.983836738414	0.982429221278	0.980673344467	0.978459490712	0.975235609378	0.967944973996
39-40	0.983233271657	0.987058128316	0.988514762618	0.988282882739	0.987466794932	0.986454230955	0.985170995851	0.983878913736	0.982242918765	0.980200725524	0.977171015929	0.970368657765
40-41	0.984620258804	0.988128085714	0.989481340916	0.989274653984	0.988513821465	0.987587719504	0.98640440407	0.985208906816	0.983683986504	0.981793537323	0.978968617188	0.972586660792
41-42	0.985884925336	0.989107298052	0.990367549196	0.990163363746	0.989474655672	0.988627092946	0.987515686258	0.986418831076	0.984991231317	0.983233156373	0.980607475162	0.974620065604
42-43	0.98702102722	0.990005559268	0.991164944769	0.990975516033	0.99033615848	0.989559208025	0.988533019817	0.987522632973	0.986192314926	0.984561481544	0.982119653891	0.976510432018
43-44	0.988051729819	0.990832361018	0.991894798826	0.991720235175	0.991134593731	0.990425137417	0.989467043151	0.988517818767	0.98728441301	0.985781037992	0.983502875601	0.978253825975
44-45	0.989010750914	0.991581687889	0.992546311304	0.99239222037	0.991868489852	0.991220187104	0.990320128339	0.989429695273	0.988291033881	0.986918199561	0.984783947935	0.979865983714
45-46	0.989871178722	0.992267928505	0.99315221133	0.993005201563	0.992521449276	0.99193661195	0.991110389425	0.990285324154	0.989227295956	0.987942103241	0.985956563211	0.981367987764
46-47	0.990676097072	0.992890629442	0.993698080544	0.993567434101	0.993124375106	0.992595535048	0.991819999888	0.991046098668	0.990084227867	0.988875288382	0.987032723544	0.98276266258
47-48	0.991410832486	0.993463846815	0.994210836872	0.994090649265	0.993674849752	0.99316973108	0.992484253361	0.991749055428	0.990869721097	0.989752171914	0.988031439581	0.984038912093
48-49	0.9920745108	0.993995681781	0.994675733019	0.994561725399	0.994184330487	0.993728671545	0.993073606703	0.992415529738	0.991579788369	0.990536840518	0.988946754068	0.985214691758
49-50	0.992700287831	0.99447083887	0.995105213728	0.995007253408	0.994643357178	0.994228467355	0.993631116706	0.993006360692	0.992241509928	0.991271660688	0.989785237505	0.986308663144
50-51	0.99327155445	0.994909903487	0.995496154108	0.995411504685	0.995072637006	0.994683787323	0.994138956852	0.993564865425	0.992852809069	0.991948121715	0.99055801594	0.987316286949
51-52	0.99378874774	0.995318074883	0.995852446568	0.995777520674	0.995462184273	0.995101320428	0.994601008722	0.994059364241	0.993407954083	0.992578568802	0.991281121393	0.988248457495
52-53	0.994268351948	0.995691362935	0.996183191669	0.996119292015	0.995827976095	0.995487990349	0.99502525112	0.994522460443	0.993919405205	0.993154117144	0.991948509005	0.989112336789
53-54	0.994708618746	0.9960321859	0.996482961967	0.996422393574	0.996151407542	0.995849312561	0.995419519089	0.994959049144	0.994388491527	0.993677946566	0.992552995027	0.989916801686
54-55	0.995110297416	0.996341571536	0.996758171715	0.996693082037	0.996454972709	0.996181766548	0.995766057992	0.995355276249	0.994819698735	0.994162402272	0.993117707621	0.990644703716
55-56	0.995483128653	0.996633364359	0.997012384384	0.996949866759	0.996736779569	0.996480540939	0.996097070571	0.995718253527	0.995215851147	0.994606736067	0.993630644673	0.991322875189
56-57	0.995826737813	0.996896410162	0.997248724866	0.997196136776	0.996986106638	0.996760304548	0.996404218617	0.996052968452	0.995577945583	0.995014314824	0.994115985624	0.991949500384
57-58	0.996147056728	0.997138568279	0.997471359684	0.997414599311	0.997225973574	0.997000755737	0.996680026493	0.996353602305	0.995918608414	0.995381117001	0.994549551033	0.992522965329
58-59	0.996432846138	0.997359173689	0.997670146645	0.997617159441	0.997445553779	0.997236395556	0.996933263695	0.996636041113	0.996227871453	0.995737070364	0.994965244682	0.993073834646
59-60	0.996703400107	0.997565269563	0.997854734537	0.99780103642	0.997642324552	0.997447274417	0.997170830812	0.996888462716	0.99651694891	0.996064592348	0.995347910616	0.993570837598
60-61	0.996945481284	0.997749812729	0.998017448188	0.997963710193	0.99782427445	0.997649586692	0.997386402305	0.997118440687	0.996771220777	0.996358539121	0.995696847982	0.994033442741
61-62	0.997169954286	0.997925710629	0.998169306953	0.998121778351	0.997990562571	0.997833240235	0.997584722328	0.997335949972	0.99701627207	0.996630507691	0.996021167874	0.994463264047
62-63	0.997382875826	0.998080992897	0.998311187994	0.998268723517	0.998145708757	0.998003750522	0.997774488498	0.997536557261	0.997230588116	0.996885922465	0.996303086138	0.994853643878
63-64	0.997573943249	0.998224335026	0.998442104504	0.998400461465	0.998291499923	0.998150321306	0.997943409141	0.997722941014	0.997441664501	0.997114682824	0.996581324921	0.995227379607
64-65	0.997752959687	0.998358034358	0.998555587408	0.998521945405	0.998419632173	0.998288677554	0.99810248207	0.99789519359	0.997637124058	0.997324738328	0.996833281704	0.995577611848
65-66	0.997919925142	0.998485264855	0.998669837829	0.998633349131	0.998538934966	0.998420814225	0.998245381746	0.998051098334	0.997814308603	0.997526563698	0.997066403052	0.995895362873
66-67	0.998069282421	0.998602096852	0.998769121664	0.998742667297	0.998650564539	0.998539103536	0.998375270938	0.998197674655	0.997975045638	0.997715389194	0.997275782993	0.996190720016
67-68	0.998210460017	0.998707109621	0.998861936425	0.99883764723	0.998756728257	0.99864870891	0.998491934003	0.998330951045	0.998125482211	0.997881675341	0.997470182194	0.996464288517
68-69	0.998340523234	0.998805744241	0.998946966369	0.998921330373	0.998849017113	0.998749278294	0.998605434299	0.998460717731	0.998263375481	0.998038234965	0.997655295087	0.996705779296
69-70	0.998458285704	0.998894161728	0.999027829791	0.998997974746	0.998936996353	0.99884092904	0.998706571042	0.99857773865	0.998389639198	0.998183291104	0.99782569006	0.996940108068
70-71	0.998568680216	0.998978710006	0.999104691158	0.999074879815	0.99901267742	0.998928941921	0.998807204616	0.99868469226	0.998514573823	0.99831534737	0.997983995313	0.997154665664
71-72	0.998672518492	0.999053887542	0.999172451965	0.999143703334	0.999088148261	0.99901214343	0.998893893253	0.99878139384	0.998619904345	0.998437490063	0.998130824091	0.9973577237
72-73	0.998767677561	0.999125891116	0.999233688875	0.999208095036	0.999160991287	0.999082788436	0.998973034371	0.998867196866	0.998725151799	0.998554582446	0.99826608879	0.997541817548
73-74	0.99885528135	0.99919151654	0.999291088199	0.999266316953	0.999221641253	0.999150147627	0.999048509552	0.998953276974	0.998814616288	0.998657739713	0.998392154788	0.997710578648
74-75	0.998936578666	0.999250219706	0.999342237739	0.999321758121	0.999280188967	0.999211873994	0.999118881173	0.999032522395	0.998897933727	0.998758839446	0.998506306279	0.99787066464
75-76	0.999012880754	0.99930593028	0.999391687778	0.999372506777	0.999339367357	0.999272426855	0.999180411416	0.999107057424	0.998980254348	0.998847781025	0.998610645822	0.998014207405
76-77	0.999078193344	0.999358225068	0.999437958102	0.999419518802	0.999387193586	0.999329224501	0.999241510372	0.99917097098	0.999051609962	0.998932514011	0.998714021693	0.998156640563
77-78	0.99914275665	0.999404957866	0.999477211125	0.999462533501	0.999433232902	0.999379098466	0.999297937055	0.999228234571	0.999121968757	0.999013973648	0.998800489476	0.998290398613
78-79	0.999202699371	0.999449544463	0.999514271243	0.999497814245	0.999474542151	0.999426508071	0.999347966318	0.999283281507	0.999185682093	0.999082059315	0.998888271359	0.998413060596
79-80	0.999260893762	0.999488841124	0.99955050902	0.999535528143	0.999511752008	0.999469810409	0.999397420531	0.999332879165	0.999243580653	0.999149116214	0.998968606675	0.998519280224
80-81	0.999315341734	0.999527986644	0.999584773182	0.999572286159	0.999547385177	0.999510765736	0.999440189801	0.999382199742	0.999301645349	0.99920775593	0.999036852271	0.99862842518
81-82	0.99936123538	0.999562023598	0.999614870822	0.99960339578	0.999578288279	0.999544680032	0.999479580657	0.99942579396	0.999354227542	0.999265740976	0.99910343334	0.998721228653
82-83	0.99940419433	0.999593279558	0.99964184357	0.99963294123	0.999608981156	0.999577303473	0.999519690325	0.999467818047	0.999402157913	0.999317646944	0.999166159716	0.998813527761
83-84	0.999443594181	0.999624898256	0.999668158446	0.999657967965	0.999636625768	0.999608401358	0.999554337027	0.999504208135	0.999445851805	0.999366840709	0.999227133958	0.99889684914
84-85	0.999483368674	0.999652526831	0.999691896657	0.999683081597	0.999659435201	0.999638795139	0.999588480561	0.999539028093	0.999487552059	0.999410984163	0.999282501374	0.99897260502
85-86	0.999519896269	0.99967673962	0.999713277494	0.999706283466	0.999685398011	0.999664377549	0.999616442318	0.999572647362	0.999526427993	0.999453444181	0.999331736322	0.999044931205
86-87	0.99955373893	0.999700317617	0.99973421975	0.999729224639	0.999706946092	0.99968995996	0.999645554174	0.999604234698	0.999558741536	0.999494220761	0.999381584517	0.99910999451
87-88	0.999583023447	0.999722898083	0.999750885838	0.99974903747	0.999728283949	0.999712256556	0.999669849994	0.999632127608	0.9995868186	0.999529853507	0.999424336572	0.999173443842
88-89	0.99960968547	0.999742727783	0.999767387459	0.999767112334	0.999748255341	0.999733496998	0.999692276905	0.999659558716	0.999614978731	0.999564083389	0.99946594974	0.999232051253
89-90	0.999639157308	0.999761318126	0.999784821064	0.999784839604	0.999765493806	0.999754620089	0.999715925795	0.999685512053	0.999643388068	0.999593356485	0.999500817195	0.999284202771
90-91	0.999664008561	0.99977839706	0.999799239423	0.999801089601	0.99978105047	0.999772340016	0.999736843202	0.999705369588	0.999667976265	0.999622161959	0.999536648323	0.999330907128
91-92	0.999688547612	0.999794538919	0.999813438492	0.999816470615	0.999796502021	0.99978724353	0.999758335659	0.999725504206	0.999692979804	0.999650873909	0.999567398264	0.999375493145
92-93	0.999708840721	0.999809622791	0.999826212171	0.999829766068	0.999809956433	0.999800152086	0.999774508912	0.999744345775	0.999714162204	0.999674254976	0.999599987945	0.999420381781
93-94	0.999728759188	0.999822379092	0.999839643723	0.999842887724	0.999823936408	0.999815290302	0.999790682165	0.999763279704	0.999733766307	0.999696887849	0.9996282849	0.999460630245
94-95	0.999746429802	0.999834289003	0.999851649885	0.9998548797	0.999836549919	0.999827260053	0.999804770865	0.999782490715	0.999754284161	0.999718866052	0.999654391687	0.999497953381
95-96	0.999763476013	0.999846380283	0.999861901722	0.999864959913	0.999847902079	0.9998380563	0.999818356398	0.999798192022	0.999773472923	0.999739815488	0.999679797622	0.999531947697
96-97	0.999779523179	0.999857262436	0.999870234767	0.99987373665	0.999859464464	0.999849439299	0.999830719951	0.999811584314	0.999790003502	0.99975674338	0.999702575356	0.999561503586
97-98	0.999794009337	0.999867540024	0.999879116037	0.99988338237	0.999867978584	0.999860118195	0.999844521127	0.999822021065	0.999805537262	0.999773671273	0.999723600957	0.999591866461
98-99	0.999806872046	0.999876608484	0.999887120145	0.999892159107	0.999878384731	0.999869154184	0.999855087653	0.999834305029	0.999818246702	0.999791908505	0.999741998357	0.99962111973
99-100	0.999819922076	0.999885314206	0.999895288722	0.999899024079	0.999887003963	0.999879246328	0.999865941702	0.999846773714	0.999831620688	0.999808088203	0.999757504738	0.999647245926
100-101	0.999831411097	0.999894171069	0.99990247049	0.999906323543	0.999893520944	0.999887695565	0.999876148822	0.999857579908	0.999843250241	0.999822677989	0.999771521805	0.999669135441
101-102	0.999841901073	0.999901788575	0.999909761904	0.999913449211	0.9999006686	0.999894971296	0.999885133963	0.999867370134	0.999855959681	0.999835864911	0.999786852972	0.999692638929
102-103	0.999851953967	0.999908589921	0.999916066509	0.999918923809	0.999908131594	0.999902012326	0.999893400292	0.999875405509	0.999866094005	0.999846246104	0.999801833713	0.999714831064
103-104	0.999862881026	0.999915693548	0.999921274662	0.999925267391	0.999915384363	0.999908231903	0.999901810384	0.999882979081	0.999875231511	0.999857281968	0.99981532514	0.999734097873
104-105	0.999871872434	0.999921588047	0.999926702105	0.999929959903	0.999920745105	0.999915155583	0.999908495328	0.999890460292	0.999883704471	0.999867476113	0.99982846614	0.99974943062
105-106	0.999880114558	0.999926847754	0.999931581322	0.999934565518	0.999924739384	0.999921023109	0.99991438958	0.999898033864	0.999891097544	0.999875238627	0.999841256714	0.999765570355
106-107	0.999888356682	0.999932107461	0.999936953942	0.999937780758	0.999928733662	0.999925365077	0.99991949314	0.999905330354	0.999899404368	0.99988384286	0.999851769515	0.999782517076
107-108	0.999896411485	0.999936883517	0.999941065642	0.999943168458	0.999935460868	0.999929824397	0.999924237295	0.999910964352	0.999906631304	0.999891324801	0.999863333595	0.999797547204
108-109	0.999902780399	0.999940782955	0.999944464647	0.999946557494	0.999940190935	0.999934870469	0.999929628379	0.999916413629	0.999912030739	0.999898993791	0.999873320755	0.999811568599
109-110	0.999909461515	0.999944712621	0.999948685991	0.999950902414	0.999944185213	0.999939447138	0.999934228771	0.999921031661	0.999917762447	0.999906008111	0.999881993816	0.999823774273
110-111	0.999915643108	0.999949005025	0.999951975351	0.999954639044	0.999949020393	0.999942380901	0.999940051142	0.999925834414	0.99992282961	0.999911058422	0.999890754483	0.999836686061
111-112	0.999920326133	0.999951997617	0.999955319533	0.999957506691	0.999953750459	0.999947426973	0.999944364009	0.999931560773	0.99992847825	0.999916763402	0.99989846387	0.999847782128
112-113	0.999926382846	0.999955232035	0.999958499247	0.999960113642	0.999956378274	0.999950712787	0.999948173709	0.999935994083	0.99993271473	0.999922281334	0.99990477155	0.999857465969
113-114	0.999931128311	0.999958103714	0.99996102109	0.999963068187	0.999959636765	0.999953411849	0.999951839646	0.999940057951	0.999937698824	0.999928173363	0.999910378377	0.999867553303
114-115	0.999935998657	0.999960703339	0.999963652577	0.999965762037	0.99996268503	0.999956932364	0.999954499248	0.999944029458	0.999941603031	0.999932849576	0.99991659845	0.999875118804
115-116	0.999940057279	0.999963786615	0.999965735838	0.999967934497	0.999965102619	0.999960804931	0.999957733899	0.999948278047	0.999945922579	0.999936684071	0.999921767244	0.999882280811
116-117	0.999943741259	0.999966416469	0.999967819099	0.999970367651	0.999967099759	0.999963503992	0.9999603935	0.999952803718	0.999949826786	0.999940986187	0.999926848431	0.999890350678
117-118	0.99994773744	0.999968713812	0.99997050541	0.999972366314	0.999969096898	0.999967259208	0.999963196864	0.999955205094	0.999953232584	0.999943698391	0.999931842011	0.999896403079
118-119	0.999951858502	0.999970829786	0.999972807961	0.999973930485	0.999971409375	0.999969019466	0.999965568941	0.999958068274	0.99995672145	0.999947719934	0.999936485164	0.999902455479
119-120	0.999954356116	0.999972855076	0.999974946045	0.999975755351	0.999972986064	0.99997218793	0.999967869137	0.999960562011	0.999959130428	0.999951554429	0.999941391138	0.999907600019
120-121	0.999957290811	0.999974850137	0.999976810015	0.999976798132	0.999975088316	0.999973361435	0.99996930676	0.999962778666	0.999961788612	0.99995464073	0.999945596258	0.999914055913
121-122	0.999959850865	0.99997681497	0.999978783631	0.999977580217	0.999976349667	0.999975004342	0.999971822599	0.999965364764	0.999964197591	0.999957633507	0.999949538558	0.99992000744
122-123	0.999962098717	0.999978447293	0.999980099375	0.999978970591	0.999977505905	0.999976060497	0.999974122795	0.999967396697	0.99996660657	0.999961468002	0.999952166758	0.999925858094
123-124	0.999965033413	0.999979747105	0.9999818537	0.999980621661	0.999978977482	0.999976999301	0.999975776061	0.999968874467	0.999969597026	0.999964554303	0.999955495812	0.999930599141
124-125	0.999966844182	0.999981137603	0.999983059798	0.999982359628	0.999980449058	0.999977820754	0.999977932495	0.999971552926	0.999971341459	0.999967266506	0.999958299225	0.999934734948
125-126	0.999969529117	0.999982437415	0.999984485188	0.999983402409	0.999981605296	0.999978876909	0.999979298236	0.99997367722	0.999973335097	0.999969698137	0.999960927425	0.999939173375
126-127	0.99997196429	0.999983858141	0.999985252705	0.999984097596	0.999982866647	0.999980402465	0.999980735859	0.999975709154	0.999975328734	0.999971849195	0.999963643232	0.999943510929
127-128	0.999974399463	0.999984825443	0.999986294335	0.999985574868	0.999984233111	0.999980754517	0.999982532887	0.999977833449	0.999976657826	0.999973813205	0.999966008612	0.999947949356
128-129	0.999975211187	0.99998621594	0.999986897385	0.999986617649	0.999984863787	0.999982280073	0.999983970509	0.999979126497	0.999978402259	0.999976244836	0.999968549206	0.999950874683
129-130	0.999976709755	0.999987304156	0.99998782937	0.999987312836	0.999986545588	0.999984040331	0.999984904964	0.999980327186	0.999979565214	0.999977460652	0.999970651766	0.999954001756
130-131	0.999978021002	0.999988180773	0.999988816178	0.999988529413	0.999986650701	0.999985683238	0.999986198824	0.999981343153	0.999980894306	0.999978676467	0.999972053472	0.999957027957
131-132	0.999979644451	0.999988876022	0.999989419227	0.999989224601	0.999988017164	0.99998615264	0.999987133279	0.999981897316	0.999981974193	0.999979892282	0.999973630392	0.999959751537
132-133	0.999980955698	0.99998942013	0.999989967453	0.999989485296	0.99998822739	0.999987795547	0.999987923971	0.999982913283	0.99998305408	0.999981295147	0.999975645346	0.999962676864
133-134	0.999982329385	0.999990206063	0.999990625325	0.999990093584	0.999988858065	0.99998849965	0.999988786545	0.999984113972	0.99998446624	0.999982698011	0.999977309873	0.999964896077
134-135	0.999983703073	0.999990750171	0.99999133802	0.999990788771	0.999990224529	0.999988969052	0.999989505356	0.99998540702	0.999985463059	0.999984194399	0.999978623973	0.999967922277
135-136	0.999984514797	0.999991233822	0.999991721779	0.999991136365	0.999991275655	0.999989555805	0.999989864761	0.999986607709	0.999986626014	0.999985410214	0.999980113286	0.999970242364
136-137	0.999985451402	0.999991808158	0.99999237965	0.99999139706	0.99999190633	0.999990142557	0.999990511692	0.999987254233	0.999987539765	0.999986438981	0.999981514993	0.999971755464
137-138	0.999986450447	0.999992322037	0.999992708586	0.999992005349	0.999992642119	0.999990611959	0.999991230503	0.999987808397	0.999988370447	0.999987093651	0.999982478666	0.999973167691
138-139	0.999987511933	0.999992866145	0.99999320199	0.999992352942	0.999993167681	0.999991198712	0.999992021195	0.999988732003	0.999988951925	0.999987935369	0.999983442339	0.999975084285
139-140	0.999988136336	0.999993077742	0.999993914685	0.999992874333	0.999993483019	0.999991433413	0.999992164957	0.999989563249	0.999989948744	0.999989338234	0.999985194473	0.999977000878
140-141	0.99998882318	0.99999344048	0.999994298443	0.999993135028	0.999993693244	0.999991550763	0.999992811888	0.999990209773	0.999990447153	0.999989525282	0.999986508573	0.999979724458
141-142	0.999989260262	0.999993984588	0.999994517734	0.999993308825	0.999993798357	0.999991785464	0.999993458818	0.999990671576	0.999991028631	0.999989899379	0.999987559853	0.999980934939
142-143	0.999989572464	0.999994377555	0.999995011138	0.999993830215	0.999994113695	0.999992020166	0.999993530699	0.999991133379	0.999991610108	0.99999102167	0.999987997886	0.999982246292
143-144	0.999990071987	0.999994710065	0.999995285251	0.999994177808	0.99999432392	0.999992724269	0.999994033867	0.999991502822	0.999992025449	0.999991489292	0.999988523526	0.999983456772
144-145	0.999990758831	0.999995072803	0.999996107591	0.9999946123	0.999994954596	0.999992724269	0.999994465153	0.999991964625	0.999992523859	0.999992237486	0.9999894872	0.999984566379
145-146	0.999991195913	0.999995526226	0.999996217237	0.999995046792	0.999995269933	0.999993193671	0.999994608916	0.999992241707	0.999992773064	0.999992518059	0.999990188053	0.999986281226
146-147	0.999991882757	0.999995888965	0.999996600995	0.999995568182	0.999995585271	0.999993663073	0.999995112084	0.99999270351	0.999993769882	0.999992705107	0.999991151726	0.999986785592
147-148	0.99999244472	0.99999613079	0.999996875108	0.999995828878	0.999995795496	0.999994015124	0.999995327727	0.999993350035	0.999994019087	0.999993172728	0.999991764973	0.999987390832
148-149	0.999992819362	0.999996342388	0.999997149222	0.999996350268	0.999996110834	0.999994484526	0.999995687133	0.999993627116	0.99999435136	0.999993827398	0.999992027793	0.999988500439
149-150	0.999993381325	0.999996523757	0.999997149222	0.999996697861	0.999996531284	0.999994719227	0.999995974657	0.99999418128	0.999994683633	0.999994201495	0.99999237822	0.999989912666
150-151	0.999993943288	0.999996765583	0.999997258867	0.999997045455	0.99999674151	0.999994953928	0.999996118419	0.999994550723	0.999994932838	0.999994669117	0.999992728646	0.999990417033
151-152	0.99999438037	0.999997279462	0.99999731369	0.99999730615	0.999996846622	0.99999530598	0.999996262182	0.999995197247	0.999995098974	0.999995043214	0.99999316668	0.999991224019
152-153	0.999994505251	0.999997460831	0.99999753298	0.999997393049	0.999997056847	0.999995892732	0.999996405944	0.99999556669	0.999995265111	0.999995417311	0.999993341893	0.999991930133
153-154	0.999994817452	0.999997611972	0.999997752271	0.999997566845	0.999997267073	0.999996010083	0.999996693468	0.999995843772	0.999995514315	0.999995697884	0.999993867533	0.999992232753
154-155	0.999995129654	0.999997763113	0.999997971562	0.99999782754	0.999997372185	0.999996010083	0.999997052874	0.999995936132	0.999995929656	0.999996071981	0.999994130353	0.999992837993
155-156	0.999995566736	0.999997914254	0.999998190852	0.999998088236	0.99999758241	0.999996010083	0.999997196636	0.999996028493	0.999996095793	0.999996259029	0.999994305566	0.999993342359
156-157	0.999995878938	0.99999815608	0.999998410143	0.999998088236	0.999997897748	0.999996596835	0.99999741228	0.999996305575	0.999996428066	0.999996539602	0.99999448078	0.999994048473
157-158	0.999996128699	0.999998307221	0.999998574611	0.999998348931	0.999997897748	0.999996831536	0.99999741228	0.999996675017	0.999996511134	0.999996633126	0.9999947436	0.999994048473
158-159	0.999996378461	0.99999848859	0.999998684256	0.999998522727	0.999998318199	0.999996948887	0.999997843566	0.999996859739	0.999996843407	0.999996726651	0.99999500642	0.99999455284
159-160	0.999996565782	0.999998639731	0.999998848724	0.999998783423	0.999998318199	0.999997183588	0.999998202972	0.99999713682	0.99999717568	0.999997007223	0.999995356846	0.999994754586
160-161	0.999996815543	0.999998700187	0.999998848724	0.999998870321	0.999998633536	0.999997183588	0.999998274853	0.999997506263	0.999997591021	0.999997194272	0.99999553206	0.999994956333
161-162	0.999997002864	0.999998760644	0.999998903547	0.999998870321	0.999998633536	0.999997183588	0.999998490496	0.999997783345	0.999997674089	0.999997287796	0.999995882487	0.99999515808
162-163	0.999997252625	0.999998851328	0.999999068015	0.999998957219	0.999998738649	0.999997418289	0.999998634259	0.999997783345	0.999997757158	0.999997474845	0.99999632052	0.999995359826
163-164	0.999997252625	0.999998911785	0.999999122837	0.999999044118	0.999998948874	0.99999765299	0.999998778021	0.999997968066	0.999997840226	0.999997661893	0.999996670947	0.999995864193
164-165	0.999997252625	0.999998942013	0.999999232483	0.999999044118	0.999998948874	0.999997887691	0.999998849902	0.999998060427	0.999998006362	0.999997755418	0.999996670947	0.99999606594
165-166	0.999997377506	0.999999002469	0.999999342128	0.999999044118	0.999999053987	0.999997887691	0.999998849902	0.999998152787	0.999998255567	0.999997942466	0.99999684616	0.999996267686
166-167	0.999997627267	0.999999093154	0.999999342128	0.999999044118	0.999999053987	0.999998239742	0.999998849902	0.999998337509	0.999998421704	0.999998316563	0.999997196587	0.999996872926
167-168	0.999997627267	0.999999123382	0.999999396951	0.999999044118	0.999999053987	0.999998357093	0.999998993664	0.999998337509	0.999998504772	0.999998316563	0.9999973718	0.999997074673
168-169	0.999997939469	0.999999274523	0.999999396951	0.999999044118	0.999999053987	0.999998357093	0.999998993664	0.999998429869	0.999998504772	0.999998410087	0.999997722227	0.999997175546
169-170	0.99999818923	0.999999365208	0.999999506596	0.999999131016	0.999999053987	0.999998826495	0.999999137427	0.99999852223	0.99999858784	0.999998410087	0.99999789744	0.99999727642
170-171	0.999998376551	0.999999425664	0.999999561419	0.999999131016	0.999999264212	0.999998943845	0.999999137427	0.99999852223	0.999998670908	0.99999869066	0.99999789744	0.999997478166
171-172	0.999998501432	0.999999425664	0.999999616241	0.999999131016	0.999999474437	0.999999061196	0.999999137427	0.999998614591	0.999998670908	0.999998877709	0.999997985047	0.999997679913
172-173	0.999998563872	0.999999455892	0.999999671064	0.999999131016	0.99999957955	0.999999530598	0.999999137427	0.999998706951	0.999998753976	0.999998877709	0.999998072653	0.99999788166
173-174	0.999998563872	0.999999486121	0.999999725887	0.999999131016	0.99999957955	0.999999530598	0.999999281189	0.999998891672	0.999999003181	0.999998877709	0.999998247867	0.999997982533
174-175	0.999998626313	0.999999516349	0.999999780709	0.999999131016	0.999999684662	0.999999647948	0.999999281189	0.999998891672	0.999999169318	0.999998877709	0.999998247867	0.999998083407
175-176	0.999998626313	0.999999516349	0.999999780709	0.999999131016	0.999999789775	0.999999647948	0.99999935307	0.999998891672	0.999999169318	0.999998877709	0.99999842308	0.99999818428
176-177	0.999998688753	0.999999516349	0.999999780709	0.999999217915	0.999999789775	0.999999647948	0.999999424951	0.999998891672	0.999999169318	0.999999158282	0.99999842308	0.999998386027
177-178	0.999998751193	0.999999546577	0.999999780709	0.999999304813	0.999999789775	0.999999647948	0.999999424951	0.999998984033	0.999999169318	0.99999934533	0.999998598293	0.999998386027
178-179	0.999998813634	0.999999546577	0.999999780709	0.999999304813	0.999999789775	0.999999647948	0.999999424951	0.999999076394	0.999999252386	0.99999934533	0.99999894872	0.9999984869
179-180	0.999999000955	0.999999546577	0.999999780709	0.999999304813	0.999999789775	0.999999647948	0.999999424951	0.999999168754	0.999999252386	0.99999934533	0.999999036327	0.999998587773
180-181	0.999999188276	0.999999576805	0.999999780709	0.999999304813	0.999999789775	0.999999647948	0.999999424951	0.999999168754	0.999999335454	0.99999934533	0.999999036327	0.999998587773
181-182	0.999999188276	0.999999576805	0.999999780709	0.999999391711	0.999999789775	0.999999765299	0.999999424951	0.999999168754	0.999999335454	0.99999934533	0.999999036327	0.99999878952
182-183	0.999999188276	0.999999607033	0.999999780709	0.999999391711	0.999999789775	0.999999882649	0.999999496832	0.999999353476	0.999999335454	0.999999438854	0.999999036327	0.99999878952
183-184	0.999999250716	0.999999607033	0.999999780709	0.999999565508	0.999999789775	0.999999882649	0.999999496832	0.999999445836	0.999999418522	0.999999438854	0.999999123933	0.999998991267
184-185	0.999999250716	0.999999637262	0.999999780709	0.999999565508	0.999999789775	0.999999882649	0.999999568713	0.999999445836	0.999999418522	0.999999438854	0.99999921154	0.99999909214
185-186	0.999999250716	0.999999697718	0.999999780709	0.999999565508	0.999999789775	0.999999882649	0.999999640594	0.999999445836	0.999999418522	0.999999532379	0.99999921154	0.99999909214
186-187	0.999999313156	0.999999727946	0.999999780709	0.999999565508	0.999999789775	0.999999882649	0.999999712476	0.999999445836	0.999999418522	0.999999532379	0.99999921154	0.99999909214
187-188	0.999999375597	0.999999727946	0.999999835532	0.999999565508	0.999999789775	0.999999882649	0.999999712476	0.999999445836	0.999999418522	0.999999532379	0.999999386753	0.99999909214
188-189	0.999999375597	0.999999727946	0.999999835532	0.999999565508	0.999999789775	0.999999882649	0.999999784357	0.999999445836	0.999999418522	0.999999532379	0.99999947436	0.999999193013
189-190	0.999999500477	0.999999727946	0.999999835532	0.999999565508	0.999999789775	0.999999882649	0.999999784357	0.999999445836	0.999999418522	0.999999532379	0.99999947436	0.999999193013
190-191	0.999999500477	0.999999727946	0.999999835532	0.999999565508	0.999999789775	0.999999882649	0.999999784357	0.999999630557	0.999999418522	0.999999532379	0.999999561967	0.999999293887
191-192	0.999999500477	0.999999758174	0.999999835532	0.999999565508	0.999999789775	0.999999882649	0.999999784357	0.999999630557	0.999999418522	0.999999625903	0.999999649573	0.99999939476
192-193	0.999999500477	0.999999818631	0.999999890355	0.999999652406	0.999999789775	0.999999882649	0.999999784357	0.999999630557	0.999999584659	0.999999625903	0.999999824787	0.99999939476
193-194	0.999999500477	0.999999818631	0.999999890355	0.999999652406	0.999999789775	0.999999882649	0.999999784357	0.999999630557	0.999999584659	0.999999625903	0.999999824787	0.999999495633
194-195	0.999999562918	0.999999879087	0.999999945177	0.999999652406	0.999999789775	0.999999882649	0.999999784357	0.999999722918	0.999999584659	0.999999625903	0.999999824787	0.999999596507
195-196	0.999999625358	0.999999879087	0.999999945177	0.999999652406	0.999999789775	0.999999882649	0.999999784357	0.999999722918	0.999999584659	0.999999625903	0.999999824787	0.99999969738
196-197	0.999999625358	0.999999879087	0.999999945177	0.999999739305	0.999999789775	0.999999882649	0.999999784357	0.999999722918	0.999999584659	0.999999719427	0.999999824787	0.99999969738
197-198	0.999999625358	0.999999879087	0.999999945177	0.999999913102	0.999999789775	0.999999882649	0.999999784357	0.999999815279	0.999999584659	0.999999719427	0.999999824787	0.99999969738
198-199	0.999999687798	0.999999879087	0.999999945177	0.999999913102	0.999999789775	0.999999882649	0.999999784357	0.999999815279	0.999999584659	0.999999719427	0.999999912393	0.99999969738
199-200	0.999999812679	0.999999879087	0.999999945177	0.999999913102	0.999999789775	0.999999882649	0.999999784357	0.999999815279	0.999999584659	0.999999719427	0.999999912393	0.99999969738
200-201	0.999999812679	0.999999909315	0.999999945177	0.999999913102	0.999999789775	0.999999882649	0.999999784357	0.999999815279	0.999999750795	0.999999719427	0.999999912393	0.99999969738
201-202	0.999999812679	0.999999909315	0.999999945177	0.999999913102	0.999999789775	0.999999882649	0.999999856238	0.999999815279	0.999999750795	0.999999719427	0.999999912393	0.99999969738
202-203	0.999999875119	0.999999939544	0.999999945177	0.999999913102	0.999999789775	0.999999882649	0.999999856238	0.999999815279	0.999999750795	0.999999812951	0.999999912393	0.999999798253
203-204	0.999999875119	0.999999939544	0.999999945177	0.999999913102	0.999999894887	0.999999882649	0.999999856238	0.999999815279	0.999999750795	0.999999812951	0.999999912393	0.999999798253
204-205	0.999999875119	0.999999939544	0.999999945177	0.999999913102	0.999999894887	0.999999882649	0.999999856238	0.999999815279	0.999999750795	0.999999812951	0.999999912393	0.999999798253
205-206	0.999999875119	0.999999939544	0.999999945177	0.999999913102	0.999999894887	0.999999882649	0.999999928119	0.999999815279	0.999999750795	0.999999812951	0.999999912393	0.999999798253
206-207	0.999999875119	0.999999939544	0.999999945177	0.999999913102	1.0	0.999999882649	0.999999928119	1.0	0.999999750795	0.999999812951	0.999999912393	0.999999798253
207-208	0.999999875119	0.999999939544	0.999999945177	0.999999913102	1.0	0.999999882649	0.999999928119	1.0	0.999999750795	0.999999812951	0.999999912393	0.999999798253
208-209	0.999999875119	0.999999939544	0.999999945177	0.999999913102	1.0	0.999999882649	0.999999928119	1.0	0.999999833864	0.999999812951	0.999999912393	0.999999798253
209-210	0.999999875119	0.999999939544	0.999999945177	0.999999913102	1.0	0.999999882649	0.999999928119	1.0	0.999999916932	0.999999812951	0.999999912393	0.999999798253
210-211	0.999999875119	0.999999939544	0.999999945177	0.999999913102	1.0	0.999999882649	0.999999928119	1.0	0.999999916932	0.999999906476	0.999999912393	0.999999798253
211-212	0.999999875119	0.999999969772	0.999999945177	0.999999913102	1.0	0.999999882649	0.999999928119	1.0	0.999999916932	0.999999906476	0.999999912393	0.999999899127
212-213	0.999999875119	0.999999969772	0.999999945177	0.999999913102	1.0	0.999999882649	1.0	1.0	0.999999916932	0.999999906476	0.999999912393	0.999999899127
213-214	0.999999875119	1.0	0.999999945177	1.0	1.0	0.999999882649	1.0	1.0	0.999999916932	0.999999906476	0.999999912393	0.999999899127
214-215	0.999999875119	1.0	0.999999945177	1.0	1.0	0.999999882649	1.0	1.0	0.999999916932	0.999999906476	0.999999912393	0.999999899127
215-216	0.999999875119	1.0	0.999999945177	1.0	1.0	0.999999882649	1.0	1.0	0.999999916932	0.999999906476	0.999999912393	0.999999899127
216-217	0.999999875119	1.0	0.999999945177	1.0	1.0	0.999999882649	1.0	1.0	0.999999916932	0.999999906476	1.0	0.999999899127
217-218	0.999999875119	1.0	0.999999945177	1.0	1.0	0.999999882649	1.0	1.0	0.999999916932	0.999999906476	1.0	0.999999899127
218-219	0.99999993756	1.0	0.999999945177	1.0	1.0	1.0	1.0	1.0	0.999999916932	0.999999906476	1.0	0.999999899127
219-220	0.99999993756	1.0	0.999999945177	1.0	1.0	1.0	1.0	1.0	0.999999916932	0.999999906476	1.0	0.999999899127
220-221	0.99999993756	1.0	1.0	1.0	1.0	1.0	1.0	1.0	0.999999916932	0.999999906476	1.0	0.999999899127
221-222	0.99999993756	1.0	1.0	1.0	1.0	1.0	1.0	1.0	1.0	0.999999906476	1.0	0.999999899127
222-223	0.99999993756	1.0	1.0	1.0	1.0	1.0	1.0	1.0	1.0	0.999999906476	1.0	0.999999899127
223-224	0.99999993756	1.0	1.0	1.0	1.0	1.0	1.0	1.0	1.0	0.999999906476	1.0	0.999999899127
224-225	0.99999993756	1.0	1.0	1.0	1.0	1.0	1.0	1.0	1.0	0.999999906476	1.0	0.999999899127
225-226	0.99999993756	1.0	1.0	1.0	1.0	1.0	1.0	1.0	1.0	0.999999906476	1.0	0.999999899127
226-227	0.99999993756	1.0	1.0	1.0	1.0	1.0	1.0	1.0	1.0	0.999999906476	1.0	0.999999899127
227-228	0.99999993756	1.0	1.0	1.0	1.0	1.0	1.0	1.0	1.0	0.999999906476	1.0	0.999999899127
228-229	0.99999993756	1.0	1.0	1.0	1.0	1.0	1.0	1.0	1.0	0.999999906476	1.0	0.999999899127
229-230	0.99999993756	1.0	1.0	1.0	1.0	1.0	1.0	1.0	1.0	0.999999906476	1.0	1.0
230-231	0.99999993756	1.0	1.0	1.0	1.0	1.0	1.0	1.0	1.0	0.999999906476	1.0	1.0
231-232	0.99999993756	1.0	1.0	1.0	1.0	1.0	1.0	1.0	1.0	0.999999906476	1.0	1.0
232-233	0.99999993756	1.0	1.0	1.0	1.0	1.0	1.0	1.0	1.0	0.999999906476	1.0	1.0
233-234	0.99999993756	1.0	1.0	1.0	1.0	1.0	1.0	1.0	1.0	1.0	1.0	1.0
234-235	0.99999993756	1.0	1.0	1.0	1.0	1.0	1.0	1.0	1.0	1.0	1.0	1.0
235-236	0.99999993756	1.0	1.0	1.0	1.0	1.0	1.0	1.0	1.0	1.0	1.0	1.0
236-237	0.99999993756	1.0	1.0	1.0	1.0	1.0	1.0	1.0	1.0	1.0	1.0	1.0
237-238	0.99999993756	1.0	1.0	1.0	1.0	1.0	1.0	1.0	1.0	1.0	1.0	1.0
238-239	0.99999993756	1.0	1.0	1.0	1.0	1.0	1.0	1.0	1.0	1.0	1.0	1.0
239-240	0.99999993756	1.0	1.0	1.0	1.0	1.0	1.0	1.0	1.0	1.0	1.0	1.0
240-241	0.99999993756	1.0	1.0	1.0	1.0	1.0	1.0	1.0	1.0	1.0	1.0	1.0
241-242	0.99999993756	1.0	1.0	1.0	1.0	1.0	1.0	1.0	1.0	1.0	1.0	1.0
242-243	0.99999993756	1.0	1.0	1.0	1.0	1.0	1.0	1.0	1.0	1.0	1.0	1.0
243-244	0.99999993756	1.0	1.0	1.0	1.0	1.0	1.0	1.0	1.0	1.0	1.0	1.0
244-245	0.99999993756	1.0	1.0	1.0	1.0	1.0	1.0	1.0	1.0	1.0	1.0	1.0
245-246	0.99999993756	1.0	1.0	1.0	1.0	1.0	1.0	1.0	1.0	1.0	1.0	1.0
246-247	0.99999993756	1.0	1.0	1.0	1.0	1.0	1.0	1.0	1.0	1.0	1.0	1.0
247-248	0.99999993756	1.0	1.0	1.0	1.0	1.0	1.0	1.0	1.0	1.0	1.0	1.0
248-249	0.99999993756	1.0	1.0	1.0	1.0	1.0	1.0	1.0	1.0	1.0	1.0	1.0
249-250	0.99999993756	1.0	1.0	1.0	1.0	1.0	1.0	1.0	1.0	1.0	1.0	1.0
250-251	0.99999993756	1.0	1.0	1.0	1.0	1.0	1.0	1.0	1.0	1.0	1.0	1.0
251-252	0.99999993756	1.0	1.0	1.0	1.0	1.0	1.0	1.0	1.0	1.0	1.0	1.0
252-253	0.99999993756	1.0	1.0	1.0	1.0	1.0	1.0	1.0	1.0	1.0	1.0	1.0
253-254	0.99999993756	1.0	1.0	1.0	1.0	1.0	1.0	1.0	1.0	1.0	1.0	1.0
254-255	0.99999993756	1.0	1.0	1.0	1.0	1.0	1.0	1.0	1.0	1.0	1.0	1.0
255-256	0.99999993756	1.0	1.0	1.0	1.0	1.0	1.0	1.0	1.0	1.0	1.0	1.0
256-257	0.99999993756	1.0	1.0	1.0	1.0	1.0	1.0	1.0	1.0	1.0	1.0	1.0
257-258	0.99999993756	1.0	1.0	1.0	1.0	1.0	1.0	1.0	1.0	1.0	1.0	1.0
258-259	0.99999993756	1.0	1.0	1.0	1.0	1.0	1.0	1.0	1.0	1.0	1.0	1.0
259-260	0.99999993756	1.0	1.0	1.0	1.0	1.0	1.0	1.0	1.0	1.0	1.0	1.0
260-261	0.99999993756	1.0	1.0	1.0	1.0	1.0	1.0	1.0	1.0	1.0	1.0	1.0
261-262	0.99999993756	1.0	1.0	1.0	1.0	1.0	1.0	1.0	1.0	1.0	1.0	1.0
262-263	0.99999993756	1.0	1.0	1.0	1.0	1.0	1.0	1.0	1.0	1.0	1.0	1.0
263-264	0.99999993756	1.0	1.0	1.0	1.0	1.0	1.0	1.0	1.0	1.0	1.0	1.0
264-265	0.99999993756	1.0	1.0	1.0	1.0	1.0	1.0	1.0	1.0	1.0	1.0	1.0
265-266	0.99999993756	1.0	1.0	1.0	1.0	1.0	1.0	1.0	1.0	1.0	1.0	1.0
266-267	0.99999993756	1.0	1.0	1.0	1.0	1.0	1.0	1.0	1.0	1.0	1.0	1.0
267-268	0.99999993756	1.0	1.0	1.0	1.0	1.0	1.0	1.0	1.0	1.0	1.0	1.0
268-269	1.0	1.0	1.0	1.0	1.0	1.0	1.0	1.0	1.0	1.0	1.0	1.0
